135,0.0,0.0,0
140,25.0,25.0,0
140,0.0,0.0,0
98,0.0,0.0,0
140,10.4166666667,62.5,0
140,0.0,0.0,0
140,61.6071428571,58.5714285714,0
146,0.0,0.0,0
139,0.0,0.0,0
140,6.81818181818,42.7272727273,0
101,0.0,0.0,0
134,4.16666666667,25.0,0
140,25.0,25.0,0
115,0.0,0.0,0
123,-80.0,90.0,0
80,-12.5,32.5,0
139,0.0,0.0,0
139,0.0,0.0,0
140,0.0,0.0,0
144,-5.18518518519,17.962962963,0
101,0.0,10.0,0
137,0.0,0.0,0
146,0.0,0.0,0
106,0.0,0.0,0
142,0.0,0.0,0
140,0.0,0.0,0
95,-15.0,50.0,0
140,0.0,0.0,0
139,0.0,0.0,0
140,0.0,0.0,0
140,25.0,25.0,0
63,0.0,0.0,0
140,0.0,0.0,0
140,10.7142857143,78.5714285714,0
146,0.0,0.0,0
140,0.0,0.0,0
139,0.0,0.0,0
139,0.0,0.0,0
139,25.0,25.0,0
139,0.0,0.0,0
139,0.0,0.0,0
140,14.2857142857,51.7857142857,0
140,0.0,0.0,0
140,0.0,5.0,0
139,21.4285714286,64.2857142857,0
138,6.81818181818,22.7272727273,0
140,0.0,0.0,0
140,0.0,0.0,0
140,0.0,0.0,0
145,0.0,0.0,0
139,0.0,0.0,0
140,0.0,56.25,0
139,0.0,0.0,0
139,22.7272727273,54.5454545455,0
140,0.0,0.0,0
139,0.0,0.0,0
140,100.0,30.0,0
139,0.0,0.0,0
139,0.0,0.0,0
137,0.0,0.0,0
139,0.0,0.0,0
139,0.0,0.0,0
140,0.0,0.0,0
139,0.0,0.0,0
140,0.0,0.0,0
140,0.0,0.0,0
140,31.25,60.0,0
123,-80.0,90.0,0
138,0.0,0.0,0
101,0.0,0.0,0
140,0.0,0.0,0
80,-12.5,32.5,0
134,0.0,5.0,0
135,0.0,10.0,0
140,14.2857142857,51.7857142857,0
140,0.0,0.0,0
139,0.0,0.0,0
86,0.0,0.0,0
140,0.0,0.0,0
140,15.0,53.75,0
140,6.81818181818,42.7272727273,0
140,0.0,0.0,0
140,0.0,0.0,0
135,0.0,0.0,0
140,0.0,0.0,0
81,21.4285714286,64.2857142857,0
140,0.0,0.0,0
135,-25.0,41.25,0
140,31.25,60.0,0
140,25.0,25.0,0
140,31.25,60.0,0
139,25.0,25.0,0
99,0.0,0.0,0
140,50.0,50.0,0
34,0.0,0.0,0
138,25.0,25.0,0
139,25.0,25.0,0
140,0.0,0.0,0
143,0.0,0.0,0
123,-80.0,90.0,0
80,-12.5,32.5,0
140,0.0,0.0,0
140,80.0,75.0,0
143,0.0,0.0,0
140,37.0833333333,63.3333333333,0
136,0.0,0.0,0
138,0.0,0.0,0
134,25.0,25.0,0
128,16.6666666667,16.6666666667,0
146,0.0,0.0,0
139,70.0,80.0,0
139,25.0,25.0,0
139,25.0,25.0,0
140,21.4285714286,64.2857142857,0
146,0.0,0.0,0
140,0.0,0.0,0
145,0.0,0.0,0
139,25.0,25.0,0
140,0.0,0.0,0
140,0.0,12.5,0
139,25.0,25.0,0
126,0.0,0.0,0
139,25.0,25.0,0
98,50.0,50.0,0
123,-80.0,90.0,0
102,0.0,0.0,0
140,0.0,100.0,0
80,-12.5,32.5,0
141,25.0,65.0,0
140,-7.77777777778,39.4444444444,0
139,25.0,25.0,0
139,25.0,25.0,0
139,25.0,25.0,0
140,13.6363636364,45.4545454545,0
134,25.0,25.0,0
122,0.0,25.0,0
140,13.6363636364,45.4545454545,0
140,50.0,50.0,0
135,0.0,0.0,0
140,31.25,60.0,0
140,0.0,0.0,0
138,0.0,0.0,0
140,0.0,12.5,0
139,13.6363636364,45.4545454545,0
140,14.2857142857,51.7857142857,0
139,0.0,100.0,0
92,0.0,0.0,0
123,-80.0,90.0,0
137,25.0,25.0,0
80,-12.5,32.5,0
146,0.0,0.0,0
99,0.0,0.0,0
138,25.0,25.0,0
138,25.0,25.0,0
124,13.6363636364,45.4545454545,0
140,0.0,0.0,0
140,50.0,53.3333333333,0
70,0.0,0.0,0
133,0.0,12.5,0
140,25.0,20.0,0
149,0.0,0.0,0
140,0.0,0.0,0
140,31.25,60.0,0
117,0.0,0.0,0
123,-80.0,90.0,0
102,0.0,0.0,0
80,-12.5,32.5,0
139,-66.6666666667,100.0,0
137,25.0,25.0,0
141,0.0,50.0,0
140,0.0,0.0,0
139,0.0,50.0,0
140,19.1666666667,30.8333333333,0
139,35.0,71.6666666667,0
140,-66.6666666667,100.0,0
141,25.0,25.0,0
140,-5.0,5.0,0
82,-10.0,40.0,0
140,25.0,25.0,0
144,0.0,0.0,0
135,0.0,0.0,0
138,30.0,10.0,0
66,0.0,0.0,0
140,21.4285714286,64.2857142857,0
82,-12.5,5.0,1
87,21.875,42.5,1
28,0.0,0.0,1
145,0.0,0.0,1
140,0.0,0.0,1
138,30.0,60.0,1
135,-3.125,20.0,1
112,51.0,72.0,1
150,13.6363636364,45.4545454545,1
140,0.0,0.0,1
149,13.6363636364,45.4545454545,1
138,25.0,25.0,1
140,0.0,0.0,1
140,0.0,100.0,1
136,0.0,0.0,1
140,0.0,100.0,1
140,0.0,0.0,1
140,25.0,25.0,1
123,-80.0,90.0,1
102,0.0,0.0,1
79,-12.5,32.5,1
140,50.0,90.0,1
140,50.0,90.0,1
42,100.0,75.0,1
140,0.0,100.0,1
140,0.0,100.0,1
140,0.0,10.0,1
140,0.0,0.0,1
140,20.0,20.0,1
140,0.0,100.0,1
139,13.6363636364,45.4545454545,1
140,0.0,0.0,1
110,5.0,25.0,1
140,50.0,90.0,1
140,33.4077380952,58.0952380952,1
123,-80.0,90.0,1
140,50.0,90.0,1
79,-12.5,32.5,1
140,50.0,90.0,1
142,0.0,0.0,1
140,0.0,0.0,1
140,50.0,90.0,1
110,33.125,65.0,1
146,0.0,0.0,1
139,50.0,90.0,1
146,0.0,0.0,1
146,0.0,0.0,1
137,25.0,25.0,1
70,0.0,0.0,1
110,5.0,25.0,1
140,0.0,100.0,1
140,0.0,0.0,1
140,50.0,50.0,1
140,0.0,0.0,1
33,50.0,60.0,1
140,58.125,81.25,1
140,50.0,90.0,1
140,50.0,90.0,1
140,0.0,0.0,1
140,0.0,0.0,1
140,50.0,90.0,1
123,-80.0,90.0,1
79,-12.5,32.5,1
140,0.0,100.0,1
140,50.0,90.0,1
140,50.0,90.0,1
140,30.0,80.0,1
140,50.0,90.0,1
140,0.0,100.0,1
140,50.0,90.0,1
110,5.0,25.0,1
83,0.0,0.0,1
138,0.0,0.0,1
140,50.0,90.0,1
140,50.0,90.0,1
140,50.0,90.0,1
140,50.0,90.0,1
140,31.25,60.0,1
140,50.0,90.0,1
140,50.0,90.0,1
140,50.0,90.0,1
140,37.5,62.5,1
140,0.0,0.0,1
140,50.0,90.0,1
123,-80.0,90.0,1
141,30.0,48.8888888889,1
140,50.0,90.0,1
140,50.0,90.0,1
79,-12.5,32.5,1
135,0.0,0.0,1
140,50.0,50.0,1
139,50.0,50.0,1
141,0.0,0.0,1
118,0.0,0.0,1
140,25.0,25.0,1
141,30.0,48.8888888889,1
140,5.0,25.0,1
140,0.0,0.0,1
135,5.0,25.0,1
140,0.0,0.0,1
138,25.0,25.0,1
137,40.0,42.5,1
134,5.0,25.0,1
134,5.0,25.0,1
123,-80.0,90.0,1
135,0.0,0.0,1
79,-12.5,32.5,1
140,0.0,100.0,1
139,12.5,66.6666666667,1
140,-10.0,60.0,1
139,-10.0,60.0,1
138,0.0,0.0,1
136,0.0,0.0,1
137,-10.0,60.0,1
140,0.0,100.0,1
119,52.0833333333,50.0,1
140,0.0,0.0,1
140,0.0,0.0,1
140,31.25,60.0,1
140,0.0,0.0,1
135,0.0,10.0,1
138,-80.0,90.0,1
123,-80.0,90.0,1
79,-12.5,32.5,1
147,0.0,0.0,1
142,70.0,90.0,1
140,0.0,0.0,1
140,31.25,60.0,1
146,0.0,0.0,1
140,12.5,37.5,1
140,31.25,60.0,1
140,0.0,0.0,1
142,0.0,0.0,1
140,31.25,60.0,1
132,0.0,0.0,1
140,0.0,10.0,1
139,0.0,10.0,1
140,0.0,10.0,1
142,0.0,0.0,1
140,33.4077380952,58.0952380952,1
140,0.0,0.0,1
140,0.0,0.0,1
140,25.0,37.5,1
123,-80.0,90.0,1
140,20.0,53.3333333333,1
79,-12.5,32.5,1
140,0.0,100.0,1
140,5.0,25.0,1
119,0.0,50.0,1
110,5.0,25.0,1
140,25.0,25.0,1
144,22.5,22.5,1
140,0.0,100.0,1
140,30.0,80.0,1
136,30.0,80.0,1
140,0.0,0.0,1
136,5.0,25.0,1
137,0.0,0.0,1
140,0.0,0.0,1
140,5.0,25.0,1
123,-80.0,90.0,1
79,-12.5,32.5,1
110,5.0,25.0,1
119,0.0,50.0,1
140,0.0,0.0,1
140,0.0,100.0,1
146,100.0,30.0,1
140,0.0,0.0,1
140,0.0,0.0,1
140,0.0,0.0,1
138,0.0,100.0,1
137,25.0,25.0,1
123,-80.0,90.0,1
79,-12.5,32.5,1
139,5.0,25.0,1
135,5.0,25.0,1
143,6.81818181818,28.9772727273,1
139,5.0,25.0,1
135,0.0,0.0,1
137,5.0,25.0,1
135,5.0,25.0,1
132,5.0,25.0,1
136,5.0,25.0,1
140,0.0,100.0,1
121,5.0,25.0,1
135,5.0,25.0,1
140,0.0,30.0,1
140,0.0,0.0,1
140,0.0,0.0,1
136,5.0,25.0,1
140,0.0,0.0,1
136,5.0,25.0,1
123,-80.0,90.0,1
79,-12.5,32.5,1
137,5.0,25.0,1
115,5.0,25.0,1
140,0.0,10.0,1
136,5.0,25.0,1
139,0.0,10.0,1
144,0.0,0.0,1
136,5.0,25.0,1
135,5.0,25.0,1
111,25.0,25.0,1
140,80.0,75.0,1
146,0.0,0.0,1
137,5.0,25.0,1
140,0.0,0.0,1
132,5.0,25.0,1
140,0.0,0.0,1
136,5.0,25.0,1
53,0.0,0.0,1
140,0.0,0.0,1
136,5.0,25.0,1
133,5.0,25.0,1
132,5.0,25.0,1
123,-80.0,90.0,1
110,5.0,25.0,1
79,-12.5,32.5,1
140,5.0,25.0,1
139,5.0,25.0,1
139,0.0,0.0,1
136,5.0,25.0,1
142,0.0,0.0,1
140,40.0,80.0,1
110,5.0,25.0,1
136,5.0,25.0,1
110,5.0,25.0,1
140,5.0,25.0,1
121,5.0,25.0,1
110,5.0,25.0,1
105,-9.28571428571,52.1428571429,1
140,5.0,25.0,1
134,5.0,25.0,1
136,5.0,25.0,1
112,13.6363636364,45.4545454545,1
134,5.0,25.0,1
110,5.0,25.0,1
140,14.2857142857,31.7857142857,1
138,-19.4444444444,36.1111111111,1
140,5.0,25.0,1
141,0.0,0.0,1
140,0.0,0.0,1
150,0.0,0.0,1
140,3.33333333333,20.0,1
119,28.1481481481,29.6296296296,1
123,-80.0,90.0,1
136,5.0,25.0,1
115,40.0,80.0,1
150,0.0,0.0,1
79,-12.5,32.5,1
150,0.0,0.0,1
92,0.0,0.0,1
139,5.0,25.0,1
132,5.0,25.0,1
118,5.0,25.0,1
132,5.0,25.0,1
140,25.0,75.0,1
140,0.0,0.0,1
133,5.0,25.0,1
106,0.0,0.0,1
134,5.0,25.0,1
134,5.0,25.0,1
134,5.0,25.0,1
136,5.0,25.0,1
148,0.0,0.0,1
138,5.0,25.0,1
134,5.0,25.0,1
140,31.25,60.0,1
135,0.0,0.0,1
140,5.0,25.0,1
71,0.0,0.0,1
140,0.0,0.0,1
121,5.0,25.0,1
110,5.0,25.0,1
140,0.0,0.0,1
137,5.0,25.0,1
136,5.0,25.0,1
140,80.0,75.0,1
134,5.0,25.0,1
140,31.25,60.0,1
134,5.0,25.0,1
134,5.0,25.0,1
134,5.0,25.0,1
137,5.0,25.0,1
135,5.0,25.0,1
140,0.0,0.0,1
140,31.25,60.0,1
140,25.0,25.0,1
137,5.0,25.0,1
140,0.0,0.0,1
110,5.0,25.0,1
109,5.0,25.0,1
121,5.0,25.0,1
140,0.0,0.0,1
140,0.0,0.0,1
135,5.0,25.0,1
131,5.0,25.0,1
135,5.0,25.0,1
140,5.0,25.0,1
123,-80.0,90.0,1
136,5.0,25.0,1
79,-12.5,32.5,1
140,-32.5,65.0,1
134,5.0,25.0,1
134,5.0,25.0,1
140,0.0,0.0,1
140,0.0,0.0,1
140,0.0,0.0,1
140,0.0,100.0,1
140,60.0,100.0,1
140,0.0,0.0,1
140,0.0,0.0,1
42,40.0,37.5,1
140,0.0,0.0,1
140,0.0,0.0,1
110,5.0,25.0,1
146,0.0,0.0,1
140,0.0,0.0,1
140,0.0,0.0,1
134,5.0,25.0,1
140,5.0,25.0,1
71,0.0,0.0,1
140,0.0,0.0,1
134,5.0,25.0,1
110,5.0,25.0,1
139,0.0,0.0,1
140,0.0,0.0,1
122,-80.0,90.0,1
140,0.0,0.0,1
140,0.0,0.0,1
79,-12.5,32.5,1
140,31.25,60.0,1
140,31.8181818182,67.7272727273,1
134,5.0,25.0,1
140,0.0,0.0,1
134,5.0,25.0,1
140,0.0,0.0,1
143,0.0,10.0,1
140,0.0,0.0,1
134,5.0,25.0,1
142,50.0,18.3333333333,1
110,5.0,25.0,1
134,5.0,25.0,1
140,7.87878787879,31.8181818182,1
135,5.0,25.0,1
134,5.0,25.0,1
134,5.0,25.0,1
134,5.0,25.0,1
140,5.0,25.0,1
137,5.0,25.0,1
135,0.0,0.0,1
134,5.0,25.0,1
134,5.0,25.0,1
134,5.0,25.0,1
110,5.0,25.0,1
134,5.0,25.0,1
138,5.0,25.0,1
140,31.25,60.0,1
134,5.0,25.0,1
140,5.0,25.0,1
140,7.87878787879,31.8181818182,1
134,5.0,25.0,1
117,0.0,10.0,1
134,5.0,25.0,1
140,36.1931818182,46.4772727273,1
140,5.0,25.0,1
135,5.0,25.0,1
110,5.0,25.0,1
140,6.81818181818,42.7272727273,1
134,5.0,25.0,1
134,5.0,25.0,1
140,35.0,80.0,1
110,5.0,25.0,1
134,5.0,25.0,1
110,5.0,25.0,1
106,5.0,25.0,1
123,-80.0,90.0,1
79,-12.5,32.5,1
65,0.0,0.0,1
119,-9.28571428571,52.1428571429,1
140,100.0,75.0,1
127,0.0,0.0,1
138,0.0,28.3333333333,1
140,0.0,0.0,1
116,0.0,0.0,1
140,0.0,0.0,1
140,71.25,62.5,1
140,25.0,51.6666666667,1
140,0.0,100.0,1
140,10.0,20.0,1
140,0.0,0.0,1
140,0.0,0.0,1
122,-80.0,90.0,1
135,0.0,0.0,1
122,-9.28571428571,52.1428571429,1
80,-12.5,32.5,1
135,0.0,0.0,1
140,28.6666666667,48.3333333333,1
59,0.0,0.0,1
140,75.0,100.0,1
140,0.0,0.0,1
140,0.0,0.0,1
135,0.0,0.0,1
92,0.0,0.0,1
143,-40.0,40.0,1
126,0.0,0.0,1
123,-80.0,90.0,1
133,40.0,80.0,1
79,-12.5,32.5,1
140,0.0,0.0,1
140,20.8888888889,49.7777777778,1
140,50.0,50.0,1
140,0.0,0.0,1
139,50.0,50.0,1
140,0.0,0.0,1
140,0.0,0.0,1
43,0.0,0.0,1
123,-80.0,90.0,1
140,31.8181818182,67.7272727273,1
79,-12.5,32.5,1
142,-20.8333333333,6.66666666667,1
95,-9.28571428571,52.1428571429,1
119,0.0,50.0,1
139,0.0,0.0,1
139,0.0,10.0,1
141,37.5,53.3333333333,1
140,43.3333333333,73.3333333333,1
140,12.5,37.5,1
133,44.6428571429,57.1428571429,1
135,0.0,0.0,1
148,0.0,0.0,1
62,0.0,40.0,1
138,25.0,25.0,1
123,-80.0,90.0,1
79,-12.5,32.5,1
136,25.0,66.6666666667,1
138,50.0,18.3333333333,1
73,0.0,0.0,1
140,-50.0,90.0,1
140,-50.0,90.0,1
139,0.0,0.0,1
140,25.0,25.0,1
140,0.0,0.0,1
140,0.0,10.0,1
139,0.0,0.0,1
140,0.0,0.0,1
137,25.0,25.0,1
139,10.0,38.3333333333,1
137,25.0,25.0,1
138,25.0,25.0,1
123,-80.0,90.0,1
140,0.0,0.0,1
79,-12.5,32.5,1
144,37.5,42.5,1
140,100.0,100.0,1
146,0.0,0.0,1
104,13.6363636364,45.4545454545,1
140,0.0,0.0,1
86,0.0,0.0,1
140,25.0,25.0,1
86,0.0,0.0,1
140,0.0,0.0,1
140,0.0,0.0,1
140,0.0,0.0,1
146,0.0,0.0,1
129,34.8148148148,32.962962963,1
144,0.0,0.0,1
138,25.0,25.0,1
144,0.0,0.0,1
135,0.0,0.0,1
72,0.0,0.0,1
123,-80.0,90.0,1
79,-12.5,32.5,1
139,15.0,52.5,1
140,0.0,0.0,1
138,-10.0,60.0,1
140,75.0,100.0,1
140,0.0,100.0,1
140,31.25,60.0,1
140,0.0,100.0,1
131,0.0,0.0,1
140,10.0,48.3333333333,1
140,31.25,60.0,1
140,0.0,0.0,1
123,-80.0,90.0,1
140,31.25,60.0,1
140,0.0,0.0,1
79,-12.5,32.5,1
142,0.0,0.0,1
135,10.0,48.3333333333,1
140,0.0,100.0,1
144,0.0,0.0,1
67,0.0,0.0,1
140,-32.5,65.0,1
140,10.0,30.0,1
144,0.0,0.0,1
146,0.0,0.0,1
138,25.0,25.0,1
142,0.0,0.0,1
140,25.0,25.0,1
136,0.0,0.0,1
142,0.0,0.0,1
145,0.0,0.0,1
140,0.0,0.0,1
140,0.0,0.0,1
142,0.0,0.0,1
140,0.0,0.0,1
31,0.0,0.0,1
140,0.0,0.0,1
138,0.0,30.0,1
140,0.0,0.0,1
140,0.0,0.0,1
140,0.0,0.0,1
140,0.0,0.0,1
140,0.0,0.0,1
140,0.0,0.0,1
140,0.0,0.0,1
140,0.0,0.0,1
140,25.0,25.0,1
140,33.4077380952,58.0952380952,1
140,0.0,0.0,1
140,31.25,60.0,1
140,0.0,0.0,1
140,0.0,0.0,1
72,0.0,0.0,1
146,0.0,0.0,1
124,-80.0,90.0,1
135,0.0,0.0,1
140,0.0,0.0,1
80,-12.5,32.5,1
140,0.0,0.0,1
32,0.0,0.0,1
140,0.0,0.0,1
140,0.0,0.0,1
137,0.0,0.0,1
140,13.3333333333,61.1111111111,1
72,0.0,0.0,1
72,0.0,0.0,1
140,0.0,0.0,1
139,0.0,0.0,1
72,0.0,0.0,1
140,40.0,80.0,1
140,31.25,60.0,1
140,0.0,0.0,1
140,0.0,0.0,1
123,50.0,50.0,1
140,0.0,0.0,1
72,0.0,0.0,1
140,0.0,0.0,1
140,0.0,0.0,1
140,0.0,0.0,1
140,0.0,0.0,1
140,35.0,30.0,1
135,0.0,0.0,1
140,0.0,0.0,1
140,7.5,36.6666666667,1
140,0.0,0.0,1
140,0.0,0.0,1
140,0.0,0.0,1
140,0.0,0.0,1
140,0.0,0.0,1
140,0.0,0.0,1
140,0.0,0.0,1
139,0.0,0.0,1
140,0.0,0.0,1
140,0.0,76.6666666667,1
140,0.0,0.0,1
143,17.0454545455,45.4545454545,1
142,0.0,0.0,1
143,17.0454545455,45.4545454545,1
140,0.0,0.0,1
140,0.0,0.0,1
140,81.25,62.5,1
140,0.0,0.0,1
140,55.0,95.0,1
147,0.0,0.0,1
145,0.0,0.0,1
132,10.0,40.0,1
140,0.0,0.0,1
140,0.0,0.0,1
140,0.0,0.0,1
136,0.0,50.0,1
140,0.0,0.0,1
140,0.0,0.0,1
123,-80.0,90.0,1
145,0.0,0.0,1
79,-12.5,32.5,1
140,80.0,90.0,1
72,0.0,0.0,1
140,0.0,0.0,1
140,0.0,0.0,1
140,0.0,0.0,1
140,0.0,0.0,1
145,0.0,0.0,1
140,0.0,0.0,1
146,0.0,0.0,1
129,35.0,50.0,1
72,0.0,0.0,1
140,0.0,0.0,1
142,0.0,0.0,1
140,0.0,0.0,1
76,30.0,80.0,1
140,0.0,0.0,1
115,0.0,50.0,1
140,0.0,0.0,1
140,0.0,0.0,1
140,-16.6666666667,28.8888888889,1
132,0.0,0.0,1
140,0.0,0.0,1
136,0.0,0.0,1
140,0.0,0.0,1
138,25.0,25.0,1
140,31.25,60.0,1
72,0.0,0.0,1
140,0.0,0.0,1
112,50.0,70.0,1
140,0.0,0.0,1
140,0.0,0.0,1
140,0.0,0.0,1
140,0.0,0.0,1
140,0.0,0.0,1
140,0.0,0.0,1
140,0.0,0.0,1
140,0.0,0.0,1
82,-12.5,5.0,1
87,21.875,42.5,1
28,0.0,0.0,1
140,33.4077380952,58.0952380952,1
140,0.0,0.0,1
140,0.0,0.0,1
72,0.0,0.0,1
140,0.0,0.0,1
140,0.0,0.0,1
140,0.0,0.0,1
140,0.0,0.0,1
135,0.0,25.0,1
140,0.0,0.0,1
140,0.0,0.0,1
140,0.0,0.0,1
123,-80.0,90.0,1
139,0.0,0.0,1
139,0.0,0.0,1
136,0.0,0.0,1
140,13.6363636364,45.4545454545,1
79,-12.5,32.5,1
125,50.0,70.0,1
103,0.0,0.0,1
140,0.0,56.25,1
139,0.0,0.0,1
140,0.0,0.0,1
139,0.0,0.0,1
140,0.0,0.0,1
140,0.0,0.0,1
140,0.0,0.0,1
140,0.0,0.0,1
140,0.0,0.0,1
140,12.5,37.5,1
139,0.0,0.0,1
108,0.0,0.0,1
140,0.0,0.0,1
139,0.0,0.0,1
140,0.0,0.0,1
72,0.0,0.0,1
72,0.0,0.0,1
139,0.0,0.0,1
140,0.0,0.0,1
140,31.25,60.0,1
140,0.0,0.0,1
140,80.0,75.0,1
135,0.0,0.0,1
114,0.0,0.0,1
144,0.0,0.0,1
72,0.0,0.0,1
132,0.0,0.0,1
72,0.0,0.0,1
104,21.4285714286,64.2857142857,1
72,0.0,0.0,1
122,-80.0,90.0,1
142,0.0,0.0,1
80,-12.5,32.5,1
72,0.0,0.0,1
143,50.0,50.0,1
57,0.0,0.0,1
140,0.0,0.0,1
134,0.0,0.0,1
140,0.0,0.0,1
140,31.25,60.0,1
139,0.0,0.0,1
134,0.0,0.0,1
92,-1.25,63.75,1
145,0.0,0.0,1
140,0.0,0.0,1
140,50.0,50.0,1
140,0.0,0.0,1
139,0.0,0.0,1
75,50.0,50.0,1
123,-80.0,90.0,1
108,21.875,42.5,1
49,0.0,0.0,1
87,21.875,42.5,1
80,-12.5,32.5,1
28,0.0,0.0,1
139,0.0,0.0,1
140,0.0,0.0,1
113,0.0,0.0,1
54,62.5,50.0,1
140,0.0,0.0,1
140,0.0,0.0,1
131,0.0,0.0,1
140,0.0,0.0,1
139,0.0,0.0,1
140,0.0,56.25,1
146,0.0,0.0,1
98,91.0,78.0,1
120,40.0,56.25,1
135,0.0,0.0,1
144,0.0,0.0,1
140,25.0,25.0,1
138,21.4285714286,64.2857142857,1
123,-80.0,90.0,1
127,21.4285714286,64.2857142857,1
80,-12.5,32.5,1
140,0.0,0.0,1
140,0.0,0.0,1
145,0.0,0.0,1
140,0.0,0.0,1
140,0.0,0.0,1
139,0.0,0.0,1
130,0.0,0.0,1
140,0.0,0.0,1
139,0.0,0.0,1
140,0.0,0.0,1
139,0.0,65.0,1
140,33.4077380952,58.0952380952,1
136,25.0,25.0,1
146,0.0,0.0,1
140,12.5,37.5,1
140,20.0,90.0,1
140,21.2121212121,52.6515151515,1
122,21.2121212121,52.6515151515,1
111,0.0,0.0,1
62,0.0,40.0,1
123,-80.0,90.0,1
140,0.0,0.0,1
140,25.0,25.0,1
80,-12.5,32.5,1
84,0.0,0.0,1
140,7.5,36.6666666667,1
137,0.0,0.0,1
141,17.0454545455,45.4545454545,1
139,0.0,0.0,1
140,0.0,0.0,1
140,33.4077380952,58.0952380952,1
140,31.25,60.0,1
140,0.0,0.0,1
139,0.0,0.0,1
139,0.0,0.0,1
149,0.0,0.0,1
136,0.0,0.0,1
140,0.0,0.0,1
140,0.0,0.0,1
140,0.0,0.0,1
134,0.0,0.0,1
140,0.0,0.0,1
138,16.0,54.0,1
140,0.0,0.0,1
127,0.0,0.0,1
124,91.0,78.0,1
138,0.0,0.0,1
139,0.0,0.0,1
104,21.4285714286,64.2857142857,1
137,0.0,0.0,1
139,30.0,50.0,1
140,0.0,0.0,1
133,0.0,10.0,1
135,0.0,0.0,1
123,-80.0,90.0,1
126,25.0,85.0,1
80,-12.5,32.5,1
140,31.25,60.0,1
140,0.0,0.0,1
131,0.0,0.0,1
139,0.0,0.0,1
126,21.2121212121,31.8181818182,1
140,0.0,0.0,1
140,0.0,0.0,1
135,0.0,0.0,1
146,25.0,90.0,1
135,0.0,0.0,1
135,0.0,0.0,1
139,0.0,0.0,1
140,8.33333333333,8.33333333333,1
133,0.0,0.0,1
140,0.0,0.0,1
140,0.0,0.0,1
139,25.0,25.0,1
135,0.0,0.0,1
127,0.0,0.0,1
140,0.0,0.0,1
137,0.0,0.0,1
149,0.0,0.0,1
140,0.0,0.0,1
136,0.0,0.0,1
146,0.0,0.0,1
139,80.0,90.0,1
140,0.0,0.0,1
136,7.5,36.6666666667,1
140,0.0,0.0,1
133,0.0,0.0,1
140,0.0,0.0,1
140,0.0,0.0,1
75,50.0,50.0,1
123,-80.0,90.0,1
80,-12.5,32.5,1
140,0.0,0.0,1
136,0.0,0.0,1
139,0.0,0.0,1
140,0.0,0.0,1
140,0.0,0.0,1
140,0.0,0.0,1
135,0.0,0.0,1
75,50.0,50.0,1
140,25.0,25.0,1
135,0.0,0.0,1
98,6.81818181818,22.7272727273,1
139,81.25,62.5,1
139,21.4285714286,64.2857142857,1
139,0.0,0.0,1
133,0.0,0.0,1
140,0.0,0.0,1
135,0.0,0.0,1
140,0.0,0.0,1
140,0.0,0.0,1
81,20.0,50.0,1
145,0.0,0.0,1
138,-80.0,90.0,1
139,0.0,0.0,1
36,0.0,0.0,1
140,0.0,0.0,1
140,20.0,30.0,1
140,55.0,95.0,1
123,-80.0,90.0,1
133,0.0,0.0,1
80,-12.5,32.5,1
135,0.0,0.0,1
135,0.0,0.0,1
138,25.0,25.0,1
140,0.0,0.0,1
140,80.0,75.0,1
140,0.0,0.0,1
140,0.0,0.0,1
140,0.0,0.0,1
146,0.0,0.0,1
61,25.0,25.0,1
140,0.0,0.0,1
143,13.6363636364,50.0,1
138,10.0,15.0,1
137,0.0,0.0,1
133,0.0,0.0,1
140,0.0,0.0,1
140,0.0,0.0,1
140,0.0,0.0,1
136,54.1666666667,83.3333333333,1
140,0.0,0.0,1
140,0.0,0.0,1
140,0.0,0.0,1
136,0.0,0.0,1
135,-25.0,41.25,1
140,0.0,0.0,1
140,0.0,0.0,1
140,0.0,0.0,1
140,50.0,90.0,1
139,0.0,0.0,1
136,0.0,0.0,1
140,7.5,36.6666666667,1
123,-80.0,90.0,1
80,-12.5,32.5,1
139,0.0,0.0,1
139,0.0,0.0,1
35,20.0,40.0,1
140,28.3333333333,56.6666666667,1
140,0.0,0.0,1
140,0.0,0.0,1
140,-40.0,40.0,1
140,0.0,0.0,1
140,0.0,0.0,1
124,0.0,0.0,1
140,80.0,75.0,1
140,0.0,0.0,1
136,0.0,0.0,1
114,0.0,0.0,1
137,0.0,0.0,1
140,70.0,80.0,1
140,0.0,0.0,1
137,0.0,0.0,1
140,0.0,0.0,1
137,0.0,0.0,1
133,0.0,0.0,1
123,-80.0,90.0,1
133,0.0,0.0,1
80,-12.5,32.5,1
146,0.0,0.0,1
129,0.0,0.0,1
137,0.0,0.0,1
146,0.0,0.0,1
140,0.0,0.0,1
140,0.0,0.0,1
140,80.0,90.0,1
120,0.0,0.0,1
140,0.0,0.0,1
140,-10.0961538462,32.2115384615,1
140,0.0,0.0,1
143,13.6363636364,50.0,1
136,0.0,0.0,1
140,0.0,0.0,1
141,0.0,0.0,1
129,0.0,0.0,1
146,0.0,0.0,1
140,35.0,70.0,1
75,50.0,50.0,1
140,40.0,60.0,1
140,0.0,0.0,1
140,0.0,100.0,1
139,20.0,30.0,1
123,-80.0,90.0,1
136,0.0,0.0,1
80,-12.5,32.5,1
140,0.0,0.0,1
140,25.0,25.0,1
129,0.0,0.0,1
138,0.0,0.0,1
140,0.0,0.0,1
140,50.0,90.0,1
140,0.0,0.0,1
140,35.0,70.0,1
132,0.0,0.0,1
140,0.0,0.0,1
140,0.0,0.0,1
139,35.0,70.0,1
144,13.6363636364,50.0,1
127,0.0,0.0,1
89,0.0,0.0,1
146,0.0,0.0,1
125,0.0,0.0,1
140,0.0,0.0,1
140,0.0,0.0,1
123,-80.0,90.0,1
140,0.0,0.0,1
140,0.0,0.0,1
80,-12.5,32.5,1
138,40.0,60.0,1
140,0.0,0.0,1
140,0.0,0.0,1
140,40.0,80.0,1
135,0.0,0.0,1
140,21.3068181818,45.4545454545,1
140,0.0,0.0,1
130,3.80952380952,51.4285714286,1
140,0.0,0.0,1
140,0.0,0.0,1
140,0.0,0.0,1
140,0.0,0.0,1
146,0.0,0.0,1
145,0.0,0.0,1
82,-10.0,80.0,1
120,0.0,0.0,1
140,35.0,50.0,1
123,-80.0,90.0,1
140,7.5,36.6666666667,1
80,-12.5,32.5,1
140,7.5,36.6666666667,1
134,50.0,90.0,1
140,0.0,0.0,1
140,0.0,0.0,1
140,0.0,0.0,1
120,0.0,0.0,1
94,0.0,0.0,1
140,100.0,40.0,1
77,0.0,12.5,1
120,0.0,0.0,1
120,38.5227272727,62.7272727273,1
140,0.0,0.0,1
140,0.0,0.0,1
140,0.0,0.0,1
136,7.14285714286,31.5476190476,1
92,50.0,50.0,1
120,0.0,0.0,1
123,-80.0,90.0,1
99,13.6363636364,45.4545454545,1
80,-12.5,32.5,1
121,0.0,0.0,1
149,13.6363636364,45.4545454545,1
138,25.0,25.0,1
136,0.0,0.0,1
130,0.0,0.0,1
70,80.0,75.0,1
140,0.0,0.0,1
140,0.0,0.0,1
135,0.0,0.0,1
140,10.0,15.0,1
138,10.0,40.0,1
85,16.6666666667,50.0,1
85,16.6666666667,50.0,1
140,25.0,25.0,1
140,61.6071428571,58.5714285714,1
125,0.0,0.0,1
135,0.0,0.0,1
85,16.6666666667,50.0,1
109,16.6666666667,50.0,1
114,0.0,0.0,1
138,30.0,50.0,1
123,-80.0,90.0,1
111,16.6666666667,50.0,1
79,-12.5,32.5,1
146,0.0,0.0,1
140,26.8181818182,67.7272727273,1
140,0.0,0.0,1
140,81.25,62.5,1
138,25.0,25.0,1
68,0.0,0.0,1
140,0.0,0.0,1
140,0.0,0.0,1
140,26.8181818182,67.7272727273,1
139,-4.16666666667,75.0,1
138,-4.16666666667,75.0,1
140,0.0,0.0,1
139,26.8181818182,67.7272727273,1
85,16.6666666667,50.0,1
140,0.0,0.0,1
85,16.6666666667,50.0,1
138,25.0,25.0,1
140,33.4077380952,58.0952380952,1
140,0.0,0.0,1
137,25.0,25.0,1
140,0.0,0.0,1
109,16.6666666667,50.0,1
109,16.6666666667,50.0,1
62,0.0,0.0,1
139,0.0,0.0,1
140,0.0,0.0,1
146,0.0,0.0,1
140,0.0,0.0,1
123,-80.0,90.0,1
140,70.0,60.0,1
79,-12.5,32.5,1
140,0.0,0.0,1
143,0.0,0.0,1
140,26.8181818182,67.7272727273,1
109,16.6666666667,50.0,1
140,0.0,0.0,1
140,0.0,0.0,1
110,16.6666666667,50.0,1
140,25.0,25.0,1
140,0.0,0.0,1
140,25.0,25.0,1
139,16.6666666667,50.0,1
140,25.0,25.0,1
140,26.8181818182,67.7272727273,1
140,26.8181818182,67.7272727273,1
109,16.6666666667,50.0,1
140,26.8181818182,67.7272727273,1
135,0.0,0.0,1
140,0.0,56.25,1
127,16.6666666667,50.0,1
123,-80.0,90.0,1
140,0.0,0.0,1
128,16.6666666667,50.0,1
128,16.6666666667,50.0,1
79,-12.5,32.5,1
140,0.0,0.0,1
109,16.6666666667,50.0,1
140,0.0,75.0,1
139,0.0,0.0,1
140,0.0,75.0,1
140,25.0,25.0,1
140,0.0,0.0,1
109,16.6666666667,50.0,1
134,25.0,25.0,1
68,0.0,0.0,1
110,16.6666666667,50.0,1
146,0.0,0.0,1
109,16.6666666667,50.0,1
109,16.6666666667,50.0,1
109,16.6666666667,50.0,1
145,0.0,0.0,1
137,8.33333333333,30.0,1
130,15.1515151515,47.7272727273,1
109,16.6666666667,50.0,1
140,0.0,0.0,1
145,0.0,0.0,1
140,16.6666666667,50.0,1
119,16.6666666667,50.0,1
120,16.6666666667,50.0,1
85,16.6666666667,50.0,1
137,25.0,25.0,1
140,36.1931818182,46.4772727273,1
64,0.0,10.0,1
140,0.0,0.0,1
140,0.0,0.0,1
85,16.6666666667,50.0,1
85,16.6666666667,50.0,1
109,16.6666666667,50.0,1
109,16.6666666667,50.0,1
91,0.0,0.0,1
85,16.6666666667,50.0,1
137,25.0,25.0,1
109,16.6666666667,50.0,1
138,25.0,25.0,1
140,0.0,0.0,1
149,13.6363636364,45.4545454545,1
128,25.0,25.0,1
109,16.6666666667,50.0,1
109,16.6666666667,50.0,1
130,15.1515151515,47.7272727273,1
109,16.6666666667,50.0,1
109,16.6666666667,50.0,1
123,16.6666666667,50.0,1
121,16.6666666667,50.0,1
85,16.6666666667,50.0,1
110,0.0,0.0,1
109,16.6666666667,50.0,1
140,-23.3333333333,80.0,1
109,16.6666666667,50.0,1
140,25.0,25.0,1
129,16.6666666667,50.0,1
140,0.0,0.0,1
120,43.4343434343,41.8181818182,1
120,43.4343434343,41.8181818182,1
140,25.0,25.0,1
85,16.6666666667,50.0,1
139,8.33333333333,75.0,1
87,16.6666666667,50.0,1
109,16.6666666667,50.0,1
109,16.6666666667,50.0,1
84,16.6666666667,50.0,1
139,0.0,33.3333333333,1
111,0.0,0.0,1
109,16.6666666667,50.0,1
124,16.6666666667,50.0,1
140,16.6666666667,50.0,1
140,16.6666666667,50.0,1
87,0.0,100.0,1
123,-80.0,90.0,1
136,40.0,80.0,1
136,25.0,25.0,1
79,-12.5,32.5,1
140,0.0,0.0,1
140,25.0,25.0,1
145,0.0,0.0,1
145,0.0,0.0,1
140,25.0,25.0,1
140,0.0,0.0,1
138,25.0,25.0,1
138,25.0,25.0,1
119,-4.46428571429,32.1428571429,1
137,25.0,25.0,1
136,40.0,80.0,1
78,0.0,0.0,1
140,0.0,0.0,1
140,70.0,60.0,1
139,0.0,0.0,1
139,0.0,0.0,1
140,31.25,60.0,1
140,0.0,0.0,1
140,25.0,25.0,1
136,0.0,100.0,1
138,25.0,25.0,1
138,25.0,25.0,1
144,0.0,0.0,1
140,25.0,25.0,1
140,25.0,25.0,1
135,0.0,0.0,1
140,25.0,25.0,1
123,-80.0,90.0,1
79,-12.5,32.5,1
139,19.3181818182,35.2272727273,1
140,25.0,25.0,1
140,0.0,0.0,1
140,0.0,0.0,1
140,70.0,60.0,1
140,25.0,25.0,1
139,25.0,25.0,1
140,0.0,0.0,1
140,0.0,0.0,1
141,0.0,60.0,1
140,31.25,60.0,1
140,0.0,0.0,1
140,25.0,25.0,1
138,25.0,25.0,1
140,7.14285714286,49.2063492063,1
137,25.0,25.0,1
140,0.0,0.0,1
137,25.0,25.0,1
125,0.0,0.0,1
138,25.0,25.0,1
103,0.0,0.0,1
140,25.0,25.0,1
138,25.0,25.0,1
103,0.0,0.0,1
140,25.0,25.0,1
140,25.0,25.0,1
93,-12.5,32.5,1
140,25.0,25.0,1
131,0.0,0.0,1
123,-80.0,90.0,1
140,25.0,25.0,1
139,19.3181818182,35.2272727273,1
140,0.0,0.0,1
79,-12.5,32.5,1
140,0.0,0.0,1
140,0.0,0.0,1
131,0.0,0.0,1
140,0.0,0.0,1
140,25.0,25.0,1
140,0.0,0.0,1
140,0.0,0.0,1
140,0.0,0.0,1
140,33.4077380952,58.0952380952,1
140,25.0,25.0,1
138,25.0,25.0,1
137,25.0,25.0,1
140,25.0,25.0,1
140,33.4077380952,58.0952380952,1
125,0.0,0.0,1
139,50.0,50.0,1
140,25.0,25.0,1
138,25.0,25.0,1
140,0.0,0.0,1
140,25.0,25.0,1
139,25.0,25.0,1
138,25.0,25.0,1
140,0.0,0.0,1
138,25.0,25.0,1
138,25.0,25.0,1
140,25.0,25.0,1
140,25.0,25.0,1
116,0.0,0.0,1
138,25.0,25.0,1
140,25.0,25.0,1
139,0.0,94.4444444444,1
142,70.0,90.0,1
136,40.0,80.0,1
138,25.0,25.0,1
138,25.0,25.0,1
138,25.0,25.0,1
125,0.0,0.0,1
125,0.0,0.0,1
136,40.0,80.0,1
140,0.0,5.0,1
140,25.0,25.0,1
125,0.0,0.0,1
138,25.0,25.0,1
138,25.0,25.0,1
77,0.0,0.0,1
135,0.0,0.0,1
140,25.0,25.0,1
138,25.0,25.0,1
140,0.0,5.0,1
140,0.0,0.0,1
138,25.0,25.0,1
140,25.0,25.0,1
123,-80.0,90.0,1
139,19.3181818182,35.2272727273,1
144,0.0,0.0,1
136,12.5,17.5,1
79,-12.5,32.5,1
138,25.0,25.0,1
138,25.0,25.0,1
51,0.0,0.0,1
138,25.0,25.0,1
138,25.0,25.0,1
145,0.0,0.0,1
137,25.0,25.0,1
138,25.0,25.0,1
140,0.0,10.0,1
137,25.0,25.0,1
137,25.0,25.0,1
140,70.0,60.0,1
134,25.0,25.0,1
140,0.0,0.0,1
134,0.0,5.0,1
143,0.0,0.0,1
138,25.0,25.0,1
140,0.0,0.0,1
138,25.0,25.0,1
142,0.0,0.0,1
142,0.0,0.0,1
121,0.0,0.0,1
56,0.0,0.0,1
140,70.0,60.0,1
140,70.0,60.0,1
139,0.0,10.0,1
140,0.0,0.0,1
140,0.0,0.0,1
140,31.25,60.0,1
136,0.0,0.0,1
139,0.0,0.0,1
135,0.0,10.0,1
123,-80.0,90.0,1
79,-12.5,32.5,1
140,0.0,0.0,1
146,100.0,30.0,1
140,33.4077380952,58.0952380952,1
140,0.0,0.0,1
140,0.0,0.0,1
138,0.0,0.0,1
139,0.0,0.0,1
140,70.0,60.0,1
72,0.0,0.0,1
140,31.25,60.0,1
140,70.0,60.0,1
112,0.0,0.0,1
140,0.0,0.0,1
136,40.0,80.0,1
61,-2.5,23.3333333333,1
140,70.0,60.0,1
140,70.0,60.0,1
125,0.0,0.0,1
147,0.0,0.0,1
140,70.0,60.0,1
88,12.5,17.5,1
85,16.0,54.0,1
123,-80.0,90.0,1
79,-12.5,32.5,1
135,0.0,0.0,1
86,0.0,0.0,1
150,0.0,0.0,1
147,0.0,0.0,1
139,25.0,25.0,1
140,0.0,0.0,1
144,0.0,0.0,1
146,100.0,30.0,1
142,17.0454545455,45.4545454545,1
143,17.0454545455,45.4545454545,1
139,0.0,0.0,1
143,17.0454545455,45.4545454545,1
140,70.0,60.0,1
140,70.0,60.0,1
104,80.0,100.0,1
140,70.0,60.0,1
140,70.0,60.0,1
139,70.0,50.0,1
146,100.0,30.0,1
68,0.0,0.0,1
137,0.0,0.0,1
126,13.75,53.75,1
143,0.0,5.0,1
123,-80.0,90.0,1
140,0.0,0.0,1
101,0.0,0.0,1
140,31.25,60.0,1
140,0.0,0.0,1
144,0.0,0.0,1
79,-12.5,32.5,1
139,0.0,0.0,1
138,15.0,43.125,1
140,0.0,0.0,1
140,31.25,60.0,1
140,0.0,0.0,1
140,70.0,60.0,1
124,-37.5,30.0,1
146,0.0,0.0,1
140,0.0,0.0,1
140,0.0,0.0,1
140,0.0,0.0,1
129,70.0,60.0,1
123,-80.0,90.0,1
122,12.5555555556,45.1111111111,1
72,0.0,40.0,1
79,-12.5,32.5,1
140,12.8787878788,27.6515151515,1
68,0.0,0.0,1
146,0.0,0.0,1
140,0.0,0.0,1
68,0.0,0.0,1
140,0.0,0.0,1
140,0.0,0.0,1
130,0.0,0.0,1
143,17.0454545455,45.4545454545,1
119,0.0,50.0,1
140,33.4077380952,58.0952380952,1
123,-80.0,90.0,1
79,-12.5,32.5,1
140,0.0,0.0,1
140,0.0,0.0,1
140,0.0,0.0,1
140,0.0,0.0,1
144,0.0,0.0,1
140,0.0,0.0,1
140,0.0,0.0,1
132,0.0,0.0,1
140,0.0,0.0,1
136,40.0,80.0,1
140,0.0,0.0,1
103,0.0,0.0,1
142,0.0,0.0,1
123,-80.0,90.0,1
79,-12.5,32.5,1
135,0.0,0.0,1
138,0.0,0.0,1
140,0.0,0.0,1
140,0.0,0.0,1
140,25.0,25.0,1
133,0.0,0.0,1
103,0.0,0.0,1
140,0.0,0.0,1
140,0.0,0.0,1
103,0.0,0.0,1
123,-80.0,90.0,1
140,0.0,0.0,1
129,13.6363636364,45.4545454545,1
79,-12.5,32.5,1
140,0.0,0.0,1
142,0.0,0.0,1
146,50.0,100.0,1
141,0.0,60.0,1
140,0.0,0.0,1
140,31.25,60.0,1
146,0.0,0.0,1
139,0.0,0.0,1
140,0.0,0.0,1
140,33.4077380952,58.0952380952,1
144,0.0,0.0,1
123,-80.0,90.0,1
80,-12.5,32.5,1
97,0.0,0.0,1
142,0.0,0.0,1
140,80.0,75.0,1
140,33.4077380952,58.0952380952,1
140,10.0,39.5,1
140,0.0,0.0,1
140,21.4285714286,64.2857142857,1
141,0.0,60.0,1
72,0.0,0.0,1
140,19.1666666667,30.8333333333,1
123,-80.0,90.0,1
102,0.0,0.0,1
80,-12.5,32.5,1
140,0.0,0.0,1
140,0.0,0.0,1
61,0.0,0.0,1
140,0.0,0.0,1
140,25.0,25.0,1
140,0.0,0.0,1
134,0.0,0.0,1
140,50.0,50.0,1
139,75.0,100.0,1
140,0.0,0.0,1
140,-5.0,40.0,1
138,25.0,25.0,1
84,0.0,0.0,1
140,0.0,0.0,1
150,0.0,0.0,1
68,0.0,0.0,1
121,0.0,0.0,1
68,0.0,0.0,1
124,0.0,0.0,1
124,0.0,0.0,1
72,0.0,0.0,1
140,0.0,0.0,1
140,0.0,0.0,1
139,0.0,0.0,1
140,19.1666666667,30.8333333333,1
140,0.0,0.0,1
123,-80.0,90.0,1
80,-12.5,32.5,1
146,50.0,100.0,1
137,25.0,25.0,1
140,0.0,0.0,1
136,21.1458333333,39.1666666667,1
68,0.0,0.0,1
28,0.0,0.0,1
140,50.0,50.0,1
140,0.0,0.0,1
135,0.0,0.0,1
110,0.0,0.0,1
140,0.0,0.0,1
119,0.0,0.0,1
140,0.0,0.0,1
140,0.0,0.0,1
150,0.0,0.0,1
148,0.0,0.0,1
140,3.33333333333,6.66666666667,1
77,20.0,20.0,1
140,3.33333333333,6.66666666667,1
72,0.0,0.0,1
140,0.0,100.0,1
106,0.0,0.0,1
54,0.0,0.0,1
123,-80.0,90.0,1
80,-12.5,32.5,1
140,0.0,0.0,1
131,0.0,0.0,1
140,25.0,25.0,1
140,0.0,0.0,1
140,100.0,75.0,1
140,0.0,50.0,1
141,25.0,25.0,1
140,19.1666666667,30.8333333333,1
150,0.0,0.0,1
141,0.0,60.0,1
139,0.0,0.0,1
140,25.0,25.0,1
137,0.0,12.5,1
140,33.3333333333,50.0,1
140,0.0,0.0,1
135,-25.0,41.25,1
119,0.0,50.0,1
147,10.0,30.0,1
140,0.0,0.0,1
140,25.0,25.0,1
147,10.0,30.0,1
138,25.0,25.0,1
147,10.0,30.0,1
140,1.94444444444,49.4444444444,1
147,10.0,30.0,1
117,-20.0,15.0,1
138,25.0,25.0,1
123,-80.0,90.0,1
140,31.25,60.0,1
79,-12.5,32.5,1
146,0.0,0.0,1
140,0.568181818182,41.4772727273,1
140,0.0,0.0,1
140,25.0,25.0,1
147,10.0,30.0,1
120,16.6666666667,30.0,1
36,0.0,0.0,1
140,0.0,0.0,1
140,0.0,0.0,1
147,10.0,30.0,1
140,0.0,0.0,1
140,0.0,0.0,1
140,0.0,0.0,1
140,0.0,0.0,1
140,0.0,0.0,1
145,0.0,0.0,1
107,31.1111111111,46.6666666667,1
128,-4.66666666667,40.2222222222,1
140,0.0,0.0,1
150,0.0,0.0,1
123,-80.0,90.0,1
102,0.0,0.0,1
138,25.0,25.0,1
140,0.0,0.0,1
79,-12.5,32.5,1
140,0.0,0.0,1
140,0.0,0.0,1
140,0.0,40.0,1
147,10.0,30.0,1
140,0.0,0.0,1
135,0.0,0.0,1
141,0.0,0.0,1
140,11.6666666667,21.6666666667,1
137,25.0,25.0,1
140,0.0,0.0,1
140,0.0,0.0,1
107,31.1111111111,46.6666666667,1
44,56.3333333333,95.3333333333,1
136,0.0,0.0,1
140,11.6666666667,21.6666666667,1
147,10.0,30.0,1
147,10.0,30.0,1
140,16.0,28.0,1
139,11.6666666667,21.6666666667,1
76,13.6363636364,50.0,1
140,0.0,0.0,1
141,0.0,0.0,1
140,0.0,0.0,1
123,-80.0,90.0,1
136,16.6666666667,30.0,1
79,-12.5,32.5,1
139,0.0,0.0,1
140,25.0,25.0,1
140,50.0,50.0,1
150,13.6363636364,45.4545454545,1
140,16.0,28.0,1
149,13.6363636364,45.4545454545,1
135,16.0,28.0,1
136,-6.66666666667,80.0,1
92,0.0,0.0,1
140,11.6666666667,21.6666666667,1
138,33.3333333333,50.0,1
137,0.0,0.0,1
139,0.0,12.5,1
139,50.0,50.0,1
141,80.0,70.0,1
139,0.0,5.0,1
138,25.0,25.0,1
125,37.5,37.5,1
141,80.0,70.0,1
141,80.0,70.0,1
137,25.0,25.0,1
141,80.0,70.0,1
140,33.4077380952,58.0952380952,1
141,80.0,70.0,1
140,0.0,0.0,1
71,29.1666666667,75.0,1
140,0.0,0.0,1
123,-80.0,90.0,1
79,-12.5,32.5,1
140,0.0,0.0,1
141,0.0,0.0,1
140,0.0,0.0,1
140,0.0,0.0,1
140,21.25,28.75,1
137,25.0,25.0,1
140,-12.5,37.5,1
91,25.0,25.0,1
140,-12.5,37.5,1
64,0.0,0.0,1
140,0.0,0.0,1
140,11.6666666667,21.6666666667,1
106,16.6666666667,30.0,1
140,21.25,28.75,1
132,0.0,0.0,1
84,16.6666666667,30.0,1
139,-10.0,23.3333333333,1
137,25.0,25.0,1
123,-80.0,90.0,1
79,-12.5,32.5,1
140,11.6666666667,21.6666666667,1
137,25.0,25.0,1
140,0.0,0.0,1
144,0.0,0.0,1
140,0.0,0.0,1
140,25.0,25.0,1
144,0.0,0.0,1
140,0.0,0.0,1
145,0.0,0.0,1
121,25.0,25.0,1
142,0.0,0.0,1
121,25.0,25.0,1
140,100.0,75.0,1
149,70.0,90.0,1
140,0.0,0.0,1
149,70.0,90.0,1
142,70.0,90.0,1
138,25.0,25.0,1
138,25.0,25.0,1
102,0.0,40.0,1
83,0.0,40.0,1
140,0.0,0.0,1
138,25.0,25.0,1
138,25.0,25.0,1
137,25.0,25.0,1
102,0.0,40.0,1
123,-80.0,90.0,1
138,0.0,0.0,1
106,16.6666666667,30.0,1
106,16.6666666667,30.0,1
79,-12.5,32.5,1
140,0.0,0.0,1
138,25.0,25.0,1
135,0.0,0.0,1
140,0.0,0.0,1
150,0.0,0.0,1
141,30.0,48.8888888889,1
116,16.6666666667,30.0,1
116,25.0,25.0,1
125,16.6666666667,30.0,1
144,-60.0,100.0,1
139,0.0,10.0,1
140,0.0,0.0,1
140,0.0,0.0,1
141,25.0,25.0,1
82,0.0,0.0,1
123,-80.0,90.0,1
134,-80.0,90.0,1
79,-12.5,32.5,1
98,16.6666666667,30.0,1
138,25.0,25.0,1
140,15.0,30.0,1
140,26.8181818182,67.7272727273,1
135,0.0,10.0,1
150,0.0,0.0,1
130,16.6666666667,50.0,1
139,0.0,0.0,1
143,0.0,0.0,1
140,50.0,50.0,1
140,25.0,25.0,1
150,0.0,0.0,1
147,0.0,0.0,1
125,0.0,0.0,1
140,21.25,28.75,1
140,25.0,25.0,1
140,31.25,60.0,1
140,0.0,0.0,1
140,0.0,0.0,1
119,0.0,50.0,1
139,0.0,0.0,1
122,-80.0,90.0,1
102,0.0,0.0,1
79,-12.5,32.5,1
139,0.0,0.0,1
48,10.0,100.0,1
140,11.6666666667,21.6666666667,1
135,0.0,0.0,1
140,11.6666666667,21.6666666667,1
140,31.25,60.0,1
147,10.0,30.0,1
140,25.0,25.0,1
146,0.0,0.0,1
135,0.0,0.0,1
140,0.0,0.0,1
140,21.25,28.75,1
138,25.0,25.0,1
139,0.0,10.0,1
105,0.0,0.0,1
138,25.0,25.0,1
122,-80.0,90.0,1
79,-12.5,32.5,1
140,0.0,56.25,1
146,100.0,30.0,1
140,0.0,0.0,1
146,0.0,0.0,1
145,0.0,0.0,1
140,11.6666666667,21.6666666667,1
139,-45.2777777778,64.4444444444,1
122,25.0,25.0,1
140,0.0,0.0,1
140,0.0,0.0,1
130,7.10227272727,16.6666666667,1
137,25.0,25.0,1
124,-80.0,90.0,1
79,-12.5,32.5,1
140,0.0,0.0,1
138,25.0,25.0,1
130,16.6666666667,50.0,1
140,0.0,0.0,1
140,80.0,75.0,1
140,0.0,0.0,1
135,0.0,0.0,1
140,0.0,0.0,1
138,0.0,0.0,1
140,0.0,0.0,1
140,0.0,0.0,1
139,37.5,37.5,1
140,-10.0,60.0,1
140,25.0,25.0,1
140,0.0,0.0,1
139,-15.5555555556,28.8888888889,1
140,0.0,0.0,1
123,-80.0,90.0,1
79,-12.5,32.5,1
140,11.6666666667,21.6666666667,1
150,0.0,0.0,1
140,0.0,0.0,1
140,0.0,0.0,1
138,0.0,10.0,1
140,0.0,0.0,1
146,0.0,0.0,1
140,28.6666666667,48.3333333333,1
140,0.0,0.0,1
140,25.0,25.0,1
127,17.0454545455,50.0,1
140,0.0,0.0,1
139,11.6666666667,21.6666666667,1
141,0.0,0.0,1
140,21.3068181818,45.4545454545,1
140,0.0,0.0,1
123,-80.0,90.0,1
140,0.0,0.0,1
79,-12.5,32.5,1
140,0.0,0.0,1
139,0.0,0.0,1
140,0.0,0.0,1
117,0.0,0.0,1
140,0.0,0.0,1
140,11.6666666667,21.6666666667,1
135,0.0,0.0,1
140,11.6666666667,21.6666666667,1
140,25.0,25.0,1
140,40.0,80.0,1
147,10.0,30.0,1
140,21.25,28.75,1
138,25.0,25.0,1
140,25.0,25.0,1
123,-80.0,90.0,1
79,-12.5,32.5,1
140,11.6666666667,21.6666666667,1
140,25.0,25.0,1
146,0.0,0.0,1
139,0.0,0.0,1
144,0.0,0.0,1
140,11.6666666667,21.6666666667,1
38,0.0,0.0,1
140,11.6666666667,21.6666666667,1
140,11.6666666667,21.6666666667,1
140,11.6666666667,21.6666666667,1
140,21.25,28.75,1
139,10.0,5.0,1
140,25.0,25.0,1
138,25.0,25.0,1
140,0.0,0.0,1
53,0.0,0.0,1
71,0.0,0.0,1
147,10.0,30.0,1
137,25.0,25.0,1
138,25.0,25.0,1
123,-80.0,90.0,1
102,0.0,0.0,1
79,-12.5,32.5,1
139,0.0,0.0,1
150,0.0,0.0,1
138,25.0,25.0,1
140,26.8181818182,67.7272727273,1
140,21.25,28.75,1
146,0.0,0.0,1
140,25.0,25.0,1
140,0.0,0.0,1
140,0.0,0.0,1
140,27.5,75.0,1
140,0.0,0.0,1
140,33.4077380952,58.0952380952,1
140,0.0,0.0,1
138,0.0,0.0,1
114,25.0,25.0,1
140,11.6666666667,21.6666666667,1
139,11.6666666667,21.6666666667,1
138,25.0,25.0,1
140,11.6666666667,21.6666666667,1
140,21.25,28.75,1
135,0.0,0.0,1
138,25.0,25.0,1
52,0.0,0.0,1
140,25.0,25.0,1
140,25.0,25.0,1
138,0.0,0.0,1
140,0.0,0.0,1
94,25.0,25.0,1
147,10.0,30.0,1
120,0.0,0.0,1
140,25.0,25.0,1
114,0.0,0.0,1
140,11.6666666667,21.6666666667,1
139,0.0,0.0,1
148,0.0,0.0,1
140,25.0,25.0,1
147,10.0,30.0,1
140,0.0,0.0,1
138,25.0,25.0,1
135,-6.25,40.0,1
123,-80.0,90.0,1
140,11.6666666667,21.6666666667,1
79,-12.5,32.5,1
140,11.6666666667,21.6666666667,1
140,19.3181818182,35.2272727273,1
140,25.0,25.0,1
140,0.0,0.0,1
140,0.0,0.0,1
138,25.0,25.0,1
140,21.25,28.75,1
139,11.6666666667,21.6666666667,1
140,0.0,0.0,1
140,11.6666666667,21.6666666667,1
140,25.0,25.0,1
140,11.6666666667,21.6666666667,1
140,26.8181818182,67.7272727273,1
140,11.6666666667,21.6666666667,1
140,11.6666666667,21.6666666667,1
131,25.0,25.0,1
139,0.0,0.0,1
140,11.6666666667,21.6666666667,1
138,25.0,25.0,1
140,25.0,25.0,1
138,25.0,25.0,1
140,-15.8333333333,86.6666666667,1
140,0.0,0.0,1
138,25.0,25.0,1
140,25.0,25.0,1
140,11.6666666667,21.6666666667,1
147,10.0,30.0,1
140,11.6666666667,21.6666666667,1
113,0.0,0.0,1
123,-80.0,90.0,1
140,0.0,0.0,1
139,21.25,28.75,1
140,25.0,25.0,1
79,-12.5,32.5,1
140,0.0,0.0,1
143,0.0,0.0,1
140,0.0,0.0,1
140,11.6666666667,21.6666666667,1
140,0.0,0.0,1
88,-20.0,30.0,1
139,-9.375,5.0,1
107,0.0,0.0,1
97,8.33333333333,13.3333333333,1
139,0.0,0.0,1
139,0.0,0.0,1
140,11.6666666667,21.6666666667,1
110,25.0,25.0,1
137,25.0,25.0,1
140,11.6666666667,21.6666666667,1
119,0.0,50.0,1
108,0.0,0.0,1
140,11.6666666667,21.6666666667,1
140,40.0,75.0,1
116,25.0,25.0,1
123,-80.0,90.0,1
140,11.6666666667,21.6666666667,1
140,0.0,0.0,1
79,-12.5,32.5,1
105,0.0,0.0,1
139,16.6666666667,50.0,1
139,37.5,37.5,1
138,25.0,25.0,1
138,25.0,25.0,1
138,25.0,25.0,1
140,11.6666666667,21.6666666667,1
91,25.0,25.0,1
121,-20.0,30.0,1
140,11.6666666667,21.6666666667,1
140,21.25,28.75,1
140,11.6666666667,21.6666666667,1
138,25.0,25.0,1
104,-20.0,30.0,1
62,-20.0,30.0,1
140,25.0,25.0,1
141,11.6666666667,21.6666666667,1
139,37.5,37.5,1
140,11.6666666667,21.6666666667,1
140,11.6666666667,21.6666666667,1
108,-20.0,30.0,1
138,25.0,25.0,1
140,11.6666666667,21.6666666667,1
143,0.0,0.0,1
137,25.0,25.0,1
140,11.6666666667,21.6666666667,1
140,11.6666666667,21.6666666667,1
105,0.0,0.0,1
88,0.0,0.0,1
140,11.6666666667,21.6666666667,1
130,25.0,25.0,1
140,11.6666666667,21.6666666667,1
137,0.0,0.0,1
137,25.0,25.0,1
140,25.0,25.0,1
55,0.0,0.0,1
140,21.25,28.75,1
140,11.6666666667,21.6666666667,1
140,11.6666666667,21.6666666667,1
140,33.4077380952,58.0952380952,1
140,11.6666666667,21.6666666667,1
140,0.0,0.0,1
123,-80.0,90.0,1
102,0.0,0.0,1
79,-12.5,32.5,1
139,0.0,0.0,1
111,25.0,25.0,1
50,0.0,0.0,1
139,0.0,0.0,1
140,11.6666666667,21.6666666667,1
138,25.0,25.0,1
140,11.6666666667,21.6666666667,1
140,12.1590909091,27.6136363636,1
140,11.6666666667,21.6666666667,1
140,25.0,25.0,1
111,25.0,25.0,1
50,0.0,0.0,1
140,25.0,25.0,1
103,0.0,40.0,1
140,0.0,0.0,1
140,11.6666666667,21.6666666667,1
140,11.6666666667,21.6666666667,1
50,0.0,0.0,1
140,11.6666666667,21.6666666667,1
138,25.0,25.0,1
140,21.25,28.75,1
140,21.25,28.75,1
140,11.6666666667,21.6666666667,1
139,21.25,28.75,1
140,33.4077380952,58.0952380952,1
137,25.0,25.0,1
140,0.0,0.0,1
131,11.6666666667,21.6666666667,1
140,21.25,28.75,1
137,25.0,25.0,1
139,11.6666666667,21.6666666667,1
137,25.0,25.0,1
140,25.0,25.0,1
140,12.1590909091,27.6136363636,1
123,-80.0,90.0,1
137,100.0,30.0,1
140,21.25,28.75,1
79,-12.5,32.5,1
140,25.0,25.0,1
140,0.0,0.0,1
140,21.25,28.75,1
140,21.25,28.75,1
140,25.0,25.0,1
140,11.6666666667,21.6666666667,1
140,21.25,28.75,1
140,11.6666666667,21.6666666667,1
140,11.6666666667,21.6666666667,1
140,11.6666666667,21.6666666667,1
140,11.6666666667,21.6666666667,1
140,0.0,0.0,1
138,25.0,25.0,1
79,-12.5,32.5,1
140,0.0,0.0,1
146,0.0,0.0,1
132,25.0,25.0,1
127,0.0,0.0,1
95,50.0,50.0,1
113,0.0,0.0,1
113,-70.0,66.6666666667,1
139,0.0,0.0,1
140,6.81818181818,72.7272727273,1
149,0.0,0.0,1
140,0.0,0.0,1
140,0.0,0.0,1
140,0.0,0.0,1
139,0.0,0.0,1
139,0.0,0.0,1
139,0.0,0.0,1
140,0.0,0.0,1
146,0.0,0.0,1
139,0.0,0.0,1
70,60.0,100.0,1
139,0.0,0.0,1
140,0.0,12.5,1
140,0.0,0.0,1
131,25.0,25.0,1
115,-30.0,42.2222222222,1
140,0.0,33.3333333333,1
137,0.0,0.0,1
143,0.0,0.0,1
140,45.0,75.0,1
140,0.0,0.0,1
108,0.0,0.0,1
146,0.0,0.0,1
140,0.0,33.3333333333,1
117,0.0,0.0,1
136,50.0,50.0,1
95,6.66666666667,3.33333333333,1
139,0.0,0.0,1
146,0.0,0.0,1
144,0.0,0.0,1
123,-80.0,90.0,1
72,0.0,40.0,1
146,0.0,0.0,1
79,-12.5,32.5,1
120,50.0,50.0,1
136,0.0,0.0,1
127,0.0,0.0,1
145,0.0,0.0,1
140,0.0,0.0,1
139,0.0,0.0,1
140,-6.66666666667,45.0,1
140,0.0,33.3333333333,1
78,0.0,0.0,1
140,0.0,56.25,1
94,0.0,0.0,1
140,0.0,0.0,1
139,0.0,0.0,1
130,0.0,0.0,1
103,6.81818181818,72.7272727273,1
51,0.0,0.0,1
144,0.0,0.0,1
140,6.66666666667,3.33333333333,1
133,0.0,0.0,1
139,25.0,33.3333333333,1
140,0.0,33.3333333333,1
140,0.0,0.0,1
131,0.0,0.0,1
127,0.0,0.0,1
140,6.81818181818,72.7272727273,1
140,6.81818181818,72.7272727273,1
130,0.0,0.0,1
140,0.0,0.0,1
133,0.0,0.0,1
140,0.0,0.0,1
146,0.0,0.0,1
127,0.0,0.0,1
128,0.0,0.0,1
140,-13.3333333333,26.6666666667,1
139,0.0,0.0,1
130,0.0,0.0,1
130,0.0,0.0,1
150,0.0,0.0,1
133,0.0,0.0,1
140,5.0,40.0,1
146,0.0,0.0,1
125,6.81818181818,72.7272727273,1
132,0.0,0.0,1
143,6.81818181818,72.7272727273,1
62,0.0,40.0,1
139,0.0,0.0,1
123,-80.0,90.0,1
102,0.0,0.0,1
140,0.0,33.3333333333,1
135,0.0,0.0,1
79,-12.5,32.5,1
134,0.0,0.0,1
140,0.0,0.0,1
144,0.0,0.0,1
140,0.0,0.0,1
138,0.0,0.0,1
140,6.81818181818,72.7272727273,1
128,6.81818181818,72.7272727273,1
99,16.6666666667,53.3333333333,1
146,0.0,0.0,1
137,0.0,0.0,1
110,25.0,25.0,1
136,-3.78787878788,43.3333333333,1
146,0.0,0.0,1
133,56.25,50.0,1
127,6.81818181818,72.7272727273,1
137,25.0,25.0,1
140,0.0,0.0,1
127,0.0,0.0,1
69,60.0,100.0,1
54,25.0,25.0,1
139,0.0,0.0,1
71,0.0,0.0,1
140,0.0,0.0,1
136,60.0,100.0,1
127,0.0,0.0,1
132,60.0,100.0,1
139,0.0,0.0,1
138,0.0,0.0,1
138,25.0,25.0,1
140,0.0,0.0,1
140,0.0,33.3333333333,1
140,0.0,0.0,1
140,13.6363636364,45.4545454545,1
33,0.0,0.0,1
134,0.0,0.0,1
136,0.0,55.0,1
139,0.0,0.0,1
140,0.0,100.0,1
130,62.5,90.0,1
127,0.0,0.0,1
140,0.0,33.3333333333,1
111,13.6363636364,45.4545454545,1
139,0.0,0.0,1
123,-80.0,90.0,1
139,0.0,0.0,1
140,6.81818181818,72.7272727273,1
117,0.0,0.0,1
79,-12.5,32.5,1
140,6.81818181818,72.7272727273,1
127,6.81818181818,72.7272727273,1
139,3.33333333333,38.3333333333,1
146,0.0,0.0,1
140,31.25,27.5,1
127,0.0,0.0,1
140,25.0,25.0,1
127,0.0,0.0,1
139,0.0,0.0,1
140,31.25,27.5,1
110,50.0,90.0,1
140,0.0,0.0,1
140,31.25,27.5,1
137,0.0,0.0,1
127,0.0,0.0,1
140,0.0,0.0,1
43,0.0,0.0,1
129,6.81818181818,72.7272727273,1
140,6.66666666667,3.33333333333,1
141,0.0,0.0,1
143,6.81818181818,72.7272727273,1
140,0.0,0.0,1
119,6.81818181818,72.7272727273,1
139,6.81818181818,72.7272727273,1
129,6.81818181818,72.7272727273,1
127,6.81818181818,72.7272727273,1
139,0.0,0.0,1
140,0.0,0.0,1
140,0.0,0.0,1
139,0.0,0.0,1
140,6.81818181818,72.7272727273,1
123,-80.0,90.0,1
102,0.0,0.0,1
127,6.81818181818,72.7272727273,1
137,0.0,0.0,1
79,-12.5,32.5,1
140,0.0,0.0,1
127,0.0,0.0,1
135,0.0,0.0,1
139,0.0,0.0,1
139,0.0,0.0,1
146,25.0,90.0,1
139,0.0,0.0,1
140,0.0,25.0,1
129,0.0,0.0,1
140,0.0,33.3333333333,1
139,0.0,0.0,1
140,0.0,33.3333333333,1
106,0.0,0.0,1
140,0.0,33.3333333333,1
140,0.0,33.3333333333,1
140,-6.5,52.0,1
139,0.0,0.0,1
139,0.0,0.0,1
139,13.6363636364,45.4545454545,1
140,50.0,50.0,1
139,50.0,50.0,1
140,0.0,33.3333333333,1
139,0.0,0.0,1
139,20.0,10.0,1
139,-4.16666666667,30.8333333333,1
146,25.0,90.0,1
27,0.0,0.0,1
140,25.0,25.0,1
140,0.0,33.3333333333,1
94,16.6666666667,53.3333333333,1
140,0.0,33.3333333333,1
123,-80.0,90.0,1
79,-12.5,32.5,1
140,31.25,27.5,1
102,0.0,66.6666666667,1
146,25.0,90.0,1
139,0.0,0.0,1
146,25.0,90.0,1
146,25.0,90.0,1
136,0.0,0.0,1
121,16.6666666667,53.3333333333,1
140,31.25,27.5,1
139,0.0,0.0,1
140,50.0,50.0,1
97,0.0,5.0,1
140,0.0,0.0,1
139,0.0,0.0,1
139,0.0,0.0,1
139,0.0,0.0,1
139,0.0,0.0,1
140,0.0,0.0,1
139,-4.16666666667,30.8333333333,1
118,16.6666666667,53.3333333333,1
139,-4.16666666667,30.8333333333,1
140,0.0,33.3333333333,1
139,-4.16666666667,30.8333333333,1
133,0.0,33.3333333333,1
137,-4.16666666667,30.8333333333,1
96,6.66666666667,3.33333333333,1
140,6.66666666667,3.33333333333,1
129,0.0,0.0,1
123,-80.0,90.0,1
101,0.0,0.0,1
79,-12.5,32.5,1
140,0.0,0.0,1
140,6.66666666667,3.33333333333,1
140,0.0,0.0,1
94,16.6666666667,53.3333333333,1
94,16.6666666667,53.3333333333,1
134,0.0,0.0,1
146,0.0,0.0,1
140,21.3068181818,45.4545454545,1
100,10.0,37.5,1
118,16.6666666667,53.3333333333,1
140,0.0,49.1666666667,1
140,100.0,75.0,1
140,100.0,75.0,1
140,13.6363636364,45.4545454545,1
138,13.6363636364,45.4545454545,1
145,0.0,0.0,1
140,0.0,0.0,1
140,6.66666666667,3.33333333333,1
95,16.6666666667,53.3333333333,1
119,0.0,0.0,1
120,16.6666666667,53.3333333333,1
123,-80.0,90.0,1
149,13.6363636364,45.4545454545,1
128,15.9090909091,51.3636363636,1
79,-12.5,32.5,1
138,42.5,57.5,1
140,33.4077380952,58.0952380952,1
143,0.0,0.0,1
134,100.0,30.0,1
137,25.0,25.0,1
118,16.6666666667,53.3333333333,1
140,0.0,0.0,1
146,0.0,0.0,1
94,16.6666666667,53.3333333333,1
140,6.66666666667,3.33333333333,1
140,6.66666666667,3.33333333333,1
132,25.0,25.0,1
140,16.6666666667,53.3333333333,1
134,16.6666666667,53.3333333333,1
107,6.66666666667,3.33333333333,1
124,6.66666666667,3.33333333333,1
122,-80.0,90.0,1
102,0.0,0.0,1
140,0.0,0.0,1
119,16.6666666667,53.3333333333,1
79,-12.5,32.5,1
140,0.0,0.0,1
140,31.25,27.5,1
140,25.0,25.0,1
135,0.0,0.0,1
140,0.0,0.0,1
140,70.0,60.0,1
140,0.0,0.0,1
140,16.6666666667,53.3333333333,1
139,12.5,65.0,1
94,16.6666666667,53.3333333333,1
140,0.0,0.0,1
140,0.0,0.0,1
140,31.25,60.0,1
140,16.6666666667,33.3333333333,1
131,25.0,25.0,1
140,16.6666666667,53.3333333333,1
140,31.25,27.5,1
94,16.6666666667,53.3333333333,1
118,16.6666666667,53.3333333333,1
140,36.1931818182,46.4772727273,1
140,0.0,0.0,1
119,0.0,50.0,1
123,-80.0,90.0,1
137,16.6666666667,53.3333333333,1
79,-12.5,32.5,1
140,0.0,0.0,1
140,0.0,0.0,1
118,16.6666666667,53.3333333333,1
129,25.0,30.0,1
129,16.6666666667,53.3333333333,1
118,16.6666666667,53.3333333333,1
140,25.0,25.0,1
139,15.9090909091,51.3636363636,1
139,15.9090909091,51.3636363636,1
118,16.6666666667,53.3333333333,1
118,16.6666666667,53.3333333333,1
140,16.6666666667,53.3333333333,1
118,16.6666666667,53.3333333333,1
118,16.6666666667,53.3333333333,1
118,16.6666666667,53.3333333333,1
131,25.0,25.0,1
140,31.25,27.5,1
146,0.0,0.0,1
118,16.6666666667,53.3333333333,1
142,0.0,0.0,1
94,16.6666666667,53.3333333333,1
118,16.6666666667,53.3333333333,1
140,33.4077380952,58.0952380952,1
132,16.6666666667,53.3333333333,1
118,16.6666666667,53.3333333333,1
139,16.6666666667,53.3333333333,1
136,0.0,0.0,1
140,0.0,0.0,1
94,16.6666666667,53.3333333333,1
119,16.6666666667,53.3333333333,1
140,36.1931818182,46.4772727273,1
138,0.0,0.0,1
118,16.6666666667,53.3333333333,1
140,31.25,27.5,1
140,-29.1666666667,54.1666666667,1
132,16.6666666667,53.3333333333,1
135,10.0,45.0,1
130,16.6666666667,53.3333333333,1
140,0.0,0.0,1
140,0.0,0.0,1
139,0.0,0.0,1
94,16.6666666667,53.3333333333,1
139,0.0,0.0,1
118,16.6666666667,53.3333333333,1
118,16.6666666667,53.3333333333,1
118,16.6666666667,53.3333333333,1
140,16.6666666667,53.3333333333,1
134,16.6666666667,53.3333333333,1
138,16.6666666667,53.3333333333,1
140,80.0,75.0,1
129,32.7272727273,47.0909090909,1
129,32.7272727273,47.0909090909,1
118,16.6666666667,53.3333333333,1
96,16.6666666667,53.3333333333,1
118,16.6666666667,53.3333333333,1
118,16.6666666667,53.3333333333,1
93,16.6666666667,53.3333333333,1
118,16.6666666667,53.3333333333,1
94,16.6666666667,53.3333333333,1
118,16.6666666667,53.3333333333,1
133,16.6666666667,53.3333333333,1
118,16.6666666667,53.3333333333,1
69,0.0,100.0,1
140,10.0,62.0,1
123,-80.0,90.0,1
128,50.0,50.0,1
102,0.0,0.0,1
79,-12.5,32.5,1
140,0.0,0.0,1
140,0.0,0.0,1
140,31.25,27.5,1
140,31.25,27.5,1
144,0.0,0.0,1
135,0.0,0.0,1
139,50.0,50.0,0
140,100.0,30.0,0
140,-29.1666666667,54.1666666667,0
140,31.25,27.5,0
139,0.0,0.0,0
138,25.0,25.0,0
139,0.0,0.0,0
140,62.5,90.0,0
139,0.0,0.0,0
140,80.0,90.0,0
139,50.0,50.0,0
141,0.0,50.0,0
139,0.0,0.0,0
138,25.0,25.0,0
139,0.0,0.0,0
123,-80.0,90.0,0
139,0.0,0.0,0
139,80.0,90.0,0
80,-12.5,32.5,0
136,25.0,25.0,0
131,13.6363636364,45.4545454545,0
140,0.0,0.0,0
140,10.0,40.0,0
139,20.0,70.0,0
140,10.0,40.0,0
139,0.0,0.0,0
139,0.0,0.0,0
139,50.0,50.0,0
140,10.0,40.0,0
132,10.0,40.0,0
139,50.0,50.0,0
146,0.0,0.0,0
67,0.0,0.0,0
140,100.0,30.0,0
139,0.0,0.0,0
138,25.0,25.0,0
139,0.0,0.0,0
139,0.0,0.0,0
140,0.0,0.0,0
140,0.0,0.0,0
139,0.0,0.0,0
137,0.0,36.6666666667,0
139,0.0,0.0,0
140,0.0,0.0,0
102,0.0,30.0,0
140,0.0,0.0,0
140,0.0,0.0,0
143,21.4285714286,64.2857142857,0
140,50.0,50.0,0
139,0.0,32.5,0
139,0.0,0.0,0
140,33.4077380952,58.0952380952,0
140,0.0,0.0,0
140,0.0,6.66666666667,0
140,21.4285714286,64.2857142857,0
140,0.0,20.0,0
140,0.0,0.0,0
130,26.0,50.5,0
102,-12.5,5.0,0
107,21.875,42.5,0
48,0.0,0.0,0
139,44.6428571429,48.3928571429,0
133,0.0,0.0,0
82,-12.5,5.0,0
87,21.875,42.5,0
28,0.0,0.0,0
140,18.4090909091,37.6136363636,0
139,0.0,0.0,0
140,47.5,60.0,0
139,0.0,0.0,0
140,-5.0,30.0,0
140,0.0,0.0,0
123,-80.0,90.0,0
139,0.0,0.0,0
140,-50.0,30.0,0
139,50.0,50.0,0
80,-12.5,32.5,0
139,0.0,0.0,0
140,0.0,0.0,0
140,12.5,0.0,0
139,50.0,50.0,0
140,0.0,0.0,0
102,0.0,0.0,0
139,0.0,0.0,0
139,0.0,0.0,0
139,-10.0,15.0,0
108,10.7244318182,47.7272727273,0
139,0.0,0.0,0
139,0.0,0.0,0
141,50.0,50.0,0
139,0.0,0.0,0
61,25.625,55.0,0
140,50.0,50.0,0
140,0.0,0.0,0
140,40.0,80.0,0
140,0.0,56.25,0
139,0.0,0.0,0
140,25.0,25.0,0
139,0.0,0.0,0
139,0.0,0.0,0
140,0.0,0.0,0
139,0.0,0.0,0
140,0.0,0.0,0
140,25.0,25.0,0
140,0.0,0.0,0
140,0.0,0.0,0
139,0.0,0.0,0
140,0.0,0.0,0
140,0.0,6.66666666667,0
140,0.0,56.25,0
139,50.0,50.0,0
139,0.0,0.0,0
139,0.0,0.0,0
92,100.0,30.0,0
139,50.0,50.0,0
123,-80.0,90.0,0
139,0.0,0.0,0
80,-12.5,32.5,0
140,0.0,0.0,0
119,16.6666666667,53.3333333333,0
140,25.0,25.0,0
140,0.0,0.0,0
146,0.0,0.0,0
101,21.6666666667,36.6666666667,0
145,0.0,0.0,0
139,0.0,0.0,0
140,25.0,25.0,0
139,0.0,0.0,0
140,25.0,25.0,0
140,100.0,30.0,0
59,0.0,0.0,0
140,25.0,25.0,0
140,25.0,25.0,0
140,50.0,90.0,0
136,0.0,30.0,0
139,50.0,50.0,0
139,0.0,10.0,0
149,13.6363636364,45.4545454545,0
140,0.0,0.0,0
139,0.0,10.0,0
138,25.0,25.0,0
139,0.0,0.0,0
87,10.7244318182,47.7272727273,0
143,0.0,0.0,0
140,0.0,0.0,0
139,0.0,10.0,0
139,0.0,10.0,0
145,0.0,0.0,0
140,0.0,5.0,0
134,0.0,5.0,0
123,-80.0,90.0,0
102,0.0,0.0,0
80,-12.5,32.5,0
139,0.0,0.0,0
140,70.0,60.0,0
139,0.0,10.0,0
139,0.0,0.0,0
140,0.0,0.0,0
135,0.0,0.0,0
135,0.0,10.0,0
139,0.0,0.0,0
140,25.0,25.0,0
140,25.0,25.0,0
141,0.0,0.0,0
139,50.0,50.0,0
139,50.0,50.0,0
140,36.1931818182,46.4772727273,0
140,-6.81818181818,45.4545454545,0
119,-4.46428571429,32.1428571429,0
140,0.0,0.0,0
140,0.0,0.0,0
139,50.0,50.0,0
141,0.0,0.0,0
140,0.0,0.0,0
140,100.0,30.0,0
139,50.0,50.0,0
133,25.0,25.0,0
133,25.0,25.0,0
139,0.0,0.0,0
140,100.0,30.0,0
140,0.0,56.25,0
140,0.0,0.0,0
123,-80.0,90.0,0
80,-12.5,32.5,0
140,0.0,0.0,0
140,35.0,30.0,0
140,35.0,35.0,0
140,50.0,50.0,0
139,0.0,0.0,0
140,100.0,30.0,0
139,35.0,30.0,0
140,0.0,0.0,0
140,6.66666666667,3.33333333333,0
140,0.0,0.0,0
140,50.0,90.0,0
133,0.0,0.0,0
140,25.0,25.0,0
140,0.0,0.0,0
89,0.0,0.0,0
140,0.0,10.0,0
139,50.0,50.0,0
137,25.0,25.0,0
139,0.0,0.0,0
139,0.0,0.0,0
139,0.0,0.0,0
139,50.0,50.0,0
82,60.0,80.0,0
139,0.0,0.0,0
140,100.0,30.0,0
139,0.0,0.0,0
140,25.0,25.0,0
140,61.6071428571,58.5714285714,0
140,0.0,0.0,0
137,25.0,25.0,0
139,0.0,0.0,0
139,0.0,0.0,0
84,0.0,0.0,0
139,50.0,50.0,0
140,0.0,0.0,0
119,-4.46428571429,32.1428571429,0
142,0.0,0.0,0
139,0.0,0.0,0
138,25.0,25.0,0
140,12.5,0.0,0
139,50.0,50.0,0
139,50.0,50.0,0
139,0.0,0.0,0
123,-80.0,90.0,0
80,-12.5,32.5,0
139,0.0,0.0,0
139,0.0,0.0,0
139,50.0,50.0,0
140,12.5,0.0,0
145,0.0,0.0,0
139,0.0,0.0,0
140,25.0,25.0,0
131,0.0,0.0,0
140,0.0,10.0,0
135,0.0,0.0,0
139,0.0,0.0,0
133,0.0,10.0,0
140,-6.81818181818,45.4545454545,0
140,20.7142857143,42.1428571429,0
139,50.0,50.0,0
113,0.0,10.0,0
71,0.0,0.0,0
139,0.0,0.0,0
114,0.0,0.0,0
140,0.0,0.0,0
139,50.0,50.0,0
140,50.0,90.0,0
140,0.0,0.0,0
144,0.0,0.0,0
137,25.0,25.0,0
140,25.0,33.3333333333,0
144,0.0,0.0,0
123,-80.0,90.0,0
139,50.0,50.0,0
79,-12.5,32.5,0
136,25.0,25.0,0
140,0.0,0.0,0
139,50.0,50.0,0
137,0.0,0.0,0
141,0.0,0.0,0
140,33.4077380952,58.0952380952,0
139,0.0,0.0,0
98,47.5,57.5,0
139,0.0,0.0,0
140,100.0,30.0,0
140,100.0,30.0,0
111,0.0,0.0,0
139,50.0,50.0,0
139,0.0,0.0,0
139,0.0,0.0,0
139,50.0,50.0,0
130,0.0,0.0,0
139,50.0,50.0,0
139,50.0,50.0,0
139,0.0,0.0,0
138,25.0,25.0,0
142,70.0,90.0,0
139,50.0,50.0,0
137,25.0,25.0,0
121,18.4090909091,37.6136363636,0
140,0.0,0.0,0
140,18.4090909091,37.6136363636,0
138,25.0,25.0,0
137,25.0,25.0,0
140,100.0,30.0,0
134,25.0,25.0,0
121,25.0,25.0,0
123,-80.0,90.0,0
102,0.0,0.0,0
136,0.0,0.0,0
139,0.0,0.0,0
79,-12.5,32.5,0
140,0.0,0.0,0
139,0.0,0.0,0
139,50.0,50.0,0
79,0.0,0.0,0
139,50.0,50.0,0
140,100.0,30.0,0
140,0.0,0.0,0
81,0.0,0.0,0
139,50.0,50.0,0
119,0.0,50.0,0
139,0.0,0.0,0
107,100.0,30.0,0
140,18.4090909091,37.6136363636,0
138,25.0,25.0,0
135,0.0,0.0,0
139,0.0,0.0,0
139,0.0,0.0,0
140,25.0,25.0,0
139,0.0,0.0,0
140,21.3068181818,45.4545454545,0
140,55.0,75.0,0
127,0.0,0.0,0
144,0.0,0.0,0
139,50.0,50.0,0
138,25.0,25.0,0
91,37.5,100.0,0
140,100.0,30.0,0
112,0.0,0.0,0
140,15.0,27.5,0
140,12.5,0.0,0
140,25.0,25.0,0
81,0.0,0.0,0
123,-80.0,90.0,0
79,-12.5,32.5,0
139,0.0,0.0,0
140,0.0,0.0,0
140,12.5,0.0,0
139,0.0,0.0,0
140,0.0,0.0,0
139,0.0,0.0,0
139,50.0,50.0,0
79,-37.5,50.0,0
139,0.0,0.0,0
139,8.33333333333,27.2222222222,0
138,25.0,25.0,0
140,100.0,30.0,0
139,50.0,50.0,0
140,100.0,30.0,0
139,0.0,0.0,0
139,0.0,0.0,0
141,0.0,0.0,0
147,0.0,0.0,0
123,-80.0,90.0,0
102,0.0,0.0,0
146,0.0,0.0,0
79,-12.5,32.5,0
139,0.0,0.0,0
139,0.0,0.0,0
139,0.0,0.0,0
146,0.0,0.0,0
140,25.0,25.0,0
139,0.0,0.0,0
139,0.0,0.0,0
139,50.0,50.0,0
140,-20.0,10.0,0
140,0.0,0.0,0
139,50.0,50.0,0
140,0.0,0.0,0
146,0.0,0.0,0
133,25.0,25.0,0
137,25.0,25.0,0
139,0.0,0.0,0
137,-10.0,23.3333333333,0
139,0.0,0.0,0
146,0.0,0.0,0
140,100.0,30.0,0
140,6.81818181818,72.7272727273,0
140,100.0,30.0,0
135,0.0,0.0,0
139,50.0,50.0,0
140,100.0,30.0,0
140,18.4090909091,37.6136363636,0
140,100.0,30.0,0
127,0.0,0.0,0
140,37.5,37.5,0
140,0.0,50.0,0
140,100.0,30.0,0
140,0.0,0.0,0
143,0.0,0.0,0
140,100.0,39.0,0
139,0.0,0.0,0
140,12.5,0.0,0
140,0.0,56.25,0
139,0.0,0.0,0
129,25.0,30.0,0
146,0.0,0.0,0
123,0.0,50.0,0
139,50.0,50.0,0
140,50.0,50.0,0
140,100.0,30.0,0
140,10.0,30.0,0
139,3.80952380952,51.4285714286,0
126,0.0,50.0,0
123,-80.0,90.0,0
139,50.0,50.0,0
140,3.80952380952,51.4285714286,0
140,0.0,75.0,0
79,-12.5,32.5,0
110,0.0,0.0,0
139,50.0,50.0,0
135,3.80952380952,51.4285714286,0
139,6.81818181818,22.7272727273,0
139,50.0,50.0,0
139,50.0,50.0,0
140,31.25,60.0,0
139,0.0,0.0,0
140,0.0,0.0,0
139,50.0,50.0,0
139,0.0,0.0,0
139,0.0,0.0,0
140,100.0,30.0,0
139,0.0,0.0,0
139,50.0,50.0,0
146,100.0,30.0,0
140,0.0,0.0,0
140,12.5,0.0,0
139,0.0,0.0,0
134,25.0,25.0,0
139,50.0,50.0,0
139,0.0,0.0,0
127,0.0,0.0,0
115,0.0,12.5,0
139,50.0,50.0,0
146,0.0,0.0,0
123,-80.0,90.0,0
140,25.0,25.0,0
102,0.0,0.0,0
143,0.0,55.0,0
79,-12.5,32.5,0
140,0.0,0.0,0
95,0.0,0.0,0
139,0.0,0.0,0
139,0.0,0.0,0
140,19.3181818182,35.2272727273,0
132,15.0,27.5,0
139,12.5,85.0,0
59,0.0,50.0,0
139,50.0,50.0,0
139,50.0,50.0,0
139,0.0,0.0,0
135,0.0,0.0,0
139,0.0,0.0,0
139,0.0,0.0,0
140,0.0,0.0,0
140,100.0,30.0,0
146,0.0,0.0,0
140,100.0,75.0,0
140,100.0,75.0,0
139,50.0,50.0,0
139,0.0,0.0,0
138,0.0,55.0,0
140,0.0,0.0,0
140,100.0,30.0,0
111,0.0,0.0,0
139,50.0,50.0,0
123,-80.0,90.0,0
79,-12.5,32.5,0
127,0.0,0.0,0
139,50.0,50.0,0
139,50.0,50.0,0
140,19.3181818182,35.2272727273,0
94,0.0,50.0,0
139,0.0,0.0,0
139,10.0,40.0,0
137,5.0,25.0,0
140,0.0,5.0,0
139,50.0,50.0,0
124,0.0,0.0,0
106,13.6363636364,45.4545454545,0
139,50.0,50.0,0
146,0.0,0.0,0
139,50.0,50.0,0
139,0.0,0.0,0
127,0.0,0.0,0
140,12.5,0.0,0
140,0.0,0.0,0
140,0.0,0.0,0
141,0.0,0.0,0
140,100.0,30.0,0
140,100.0,30.0,0
140,12.5,0.0,0
139,50.0,50.0,0
138,-20.0,27.5,0
123,-80.0,90.0,0
102,0.0,0.0,0
79,-12.5,32.5,0
140,0.0,0.0,0
146,0.0,0.0,0
146,0.0,0.0,0
140,0.0,0.0,0
139,50.0,50.0,0
138,25.0,25.0,0
139,0.0,0.0,0
140,100.0,30.0,0
140,28.75,57.5,1
140,0.0,0.0,1
140,0.0,0.0,1
140,50.0,90.0,1
123,-80.0,90.0,1
102,0.0,0.0,1
79,-12.5,32.5,1
139,0.0,0.0,1
139,0.0,0.0,1
118,0.0,0.0,1
126,0.0,0.0,1
121,0.0,0.0,1
121,0.0,0.0,1
139,11.6666666667,21.6666666667,1
140,0.0,50.0,1
140,26.6666666667,48.3333333333,1
139,28.75,57.5,1
140,16.6666666667,76.6666666667,1
139,0.0,50.0,1
140,11.6666666667,21.6666666667,1
140,0.0,0.0,1
146,0.0,0.0,1
140,11.2121212121,27.5,1
135,25.0,85.0,1
70,0.0,0.0,1
140,-9.28571428571,52.1428571429,1
127,0.0,0.0,1
140,40.0,63.3333333333,1
140,-12.5,20.0,1
140,0.0,0.0,1
133,0.0,12.5,1
140,33.4077380952,58.0952380952,1
140,33.4077380952,58.0952380952,1
140,33.4077380952,58.0952380952,1
136,0.0,0.0,1
133,0.0,12.5,1
133,0.0,12.5,1
133,0.0,12.5,1
110,0.0,0.0,1
104,0.0,0.0,1
140,0.0,0.0,1
123,-80.0,90.0,1
139,0.0,0.0,1
139,0.0,0.0,1
140,-9.28571428571,52.1428571429,1
79,-12.5,32.5,1
110,15.4356060606,27.6515151515,1
140,11.2121212121,27.5,1
140,0.0,56.6666666667,1
140,33.4077380952,58.0952380952,1
140,0.0,0.0,1
139,0.0,0.0,1
140,0.0,0.0,1
140,-15.5555555556,28.8888888889,1
140,0.0,0.0,1
119,-4.46428571429,32.1428571429,1
139,50.0,50.0,1
140,0.0,0.0,1
136,50.0,50.0,1
140,0.0,0.0,1
140,0.0,0.0,1
135,0.0,0.0,1
139,0.0,0.0,1
140,-50.0,30.0,1
89,0.0,0.0,1
140,0.0,0.0,1
123,-80.0,90.0,1
102,0.0,0.0,1
133,0.0,0.0,1
110,0.0,10.0,1
79,-12.5,32.5,1
140,-50.0,30.0,1
140,0.0,0.0,1
138,0.0,100.0,1
136,0.0,0.0,1
136,0.0,20.0,1
71,0.0,0.0,1
140,25.0,25.0,1
136,0.0,10.0,1
137,70.0,60.0,1
139,0.0,0.0,1
81,0.0,0.0,1
127,75.0,62.5,1
140,-50.0,30.0,1
140,0.0,0.0,1
140,0.0,0.0,1
139,0.0,0.0,1
140,0.0,0.0,1
142,18.75,92.5,1
118,0.0,0.0,1
140,25.0,85.0,1
140,-12.5,20.0,1
125,25.0,85.0,1
137,21.6666666667,53.6111111111,1
137,25.0,85.0,1
140,0.0,0.0,1
140,-12.5,20.0,1
139,0.0,0.0,1
140,0.0,0.0,1
140,26.6666666667,48.3333333333,1
140,0.0,0.0,1
140,0.0,0.0,1
140,0.0,0.0,1
139,0.0,0.0,1
140,0.0,0.0,1
139,0.0,0.0,1
140,30.0,50.0,1
140,0.0,0.0,1
123,-80.0,90.0,1
140,-12.5,20.0,1
79,-12.5,32.5,1
139,0.0,0.0,1
139,0.0,0.0,1
140,33.4077380952,58.0952380952,1
140,33.4077380952,58.0952380952,1
150,0.0,0.0,1
140,0.0,0.0,1
139,0.0,0.0,1
71,0.0,0.0,1
140,-12.5,20.0,1
141,50.0,50.0,1
139,0.0,0.0,1
146,0.0,0.0,1
140,0.0,0.0,1
139,0.0,0.0,1
140,5.0,40.0,1
140,-12.5,20.0,1
140,-12.5,20.0,1
140,33.4077380952,58.0952380952,1
116,10.7142857143,32.1428571429,1
140,0.0,0.0,1
140,0.0,0.0,1
139,0.0,0.0,1
117,0.0,0.0,1
135,0.0,0.0,1
140,0.0,0.0,1
140,33.4077380952,58.0952380952,1
140,0.0,50.0,1
123,-80.0,90.0,1
140,-50.0,30.0,1
140,0.0,0.0,1
79,-12.5,32.5,1
141,0.0,0.0,1
140,-15.5555555556,28.8888888889,1
79,33.75,38.75,1
95,-9.28571428571,52.1428571429,1
140,0.0,0.0,1
140,50.0,50.0,1
140,33.4077380952,58.0952380952,1
95,50.0,50.0,1
140,0.0,0.0,1
139,0.0,0.0,1
140,-12.5,20.0,1
117,0.0,0.0,1
140,26.6666666667,48.3333333333,1
139,0.0,0.0,1
140,0.0,0.0,1
140,0.0,100.0,1
114,0.0,0.0,1
117,0.0,0.0,1
117,0.0,0.0,1
128,0.0,0.0,1
117,0.0,0.0,1
117,0.0,0.0,1
140,0.0,0.0,1
123,-80.0,90.0,1
119,0.0,50.0,1
140,33.4077380952,58.0952380952,1
79,-12.5,32.5,1
140,0.0,5.0,1
140,-12.5,20.0,1
140,-12.5,20.0,1
146,0.0,0.0,1
139,0.0,10.0,1
145,0.0,0.0,1
111,0.0,10.0,1
140,0.0,0.0,1
139,0.0,0.0,1
140,5.0,40.0,1
140,0.0,0.0,1
110,0.0,10.0,1
140,5.0,40.0,1
136,25.0,31.25,1
135,0.0,0.0,1
140,-12.5,20.0,1
112,0.0,10.0,1
149,0.0,0.0,1
79,5.0,12.5,1
146,0.0,0.0,1
140,0.0,0.0,1
124,0.0,0.0,1
140,-12.5,20.0,1
123,-80.0,90.0,1
102,0.0,0.0,1
80,-12.5,32.5,1
140,0.0,0.0,1
140,33.4077380952,58.0952380952,1
140,0.0,0.0,1
140,5.0,40.0,1
140,-12.5,20.0,1
140,-12.5,20.0,1
99,0.0,0.0,1
92,-80.0,80.0,1
140,-12.5,20.0,1
140,0.0,0.0,1
140,-12.5,20.0,1
139,0.0,0.0,1
140,0.0,0.0,1
140,-12.5,20.0,1
140,0.0,0.0,1
42,65.0,95.0,1
140,-12.5,20.0,1
140,-12.5,20.0,1
85,0.0,0.0,1
140,-12.5,20.0,1
140,-12.5,20.0,1
139,0.0,0.0,1
140,0.0,0.0,1
137,0.0,0.0,1
139,0.0,0.0,1
145,0.0,0.0,1
139,0.0,0.0,1
140,33.4077380952,58.0952380952,1
140,0.0,0.0,1
140,0.0,0.0,1
140,0.0,0.0,1
140,0.0,0.0,1
140,0.0,0.0,1
140,0.0,0.0,1
140,0.0,0.0,1
123,-80.0,90.0,1
80,-12.5,32.5,1
140,5.0,40.0,1
140,0.0,0.0,1
139,0.0,0.0,1
139,0.0,0.0,1
140,0.0,0.0,1
107,60.0,100.0,1
118,0.0,0.0,1
140,0.0,0.0,1
77,0.0,0.0,1
102,0.0,0.0,1
140,0.0,0.0,1
140,33.4077380952,58.0952380952,1
139,0.0,0.0,1
143,0.0,0.0,1
140,0.0,0.0,1
136,0.0,0.0,1
140,0.0,0.0,1
140,50.0,50.0,1
139,0.0,10.0,1
135,0.0,0.0,1
140,-17.0833333333,25.0,1
139,0.0,0.0,1
139,0.0,0.0,1
123,-80.0,90.0,1
140,0.0,0.0,1
65,0.0,0.0,1
80,-12.5,32.5,1
140,0.0,0.0,1
140,33.4077380952,58.0952380952,1
140,50.0,50.0,1
140,0.0,0.0,1
138,25.0,25.0,1
139,0.0,10.0,1
102,0.0,0.0,1
139,0.0,0.0,1
139,0.0,0.0,1
137,0.0,0.0,1
118,4.16666666667,40.8333333333,1
118,4.16666666667,40.8333333333,1
118,4.16666666667,40.8333333333,1
118,4.16666666667,40.8333333333,1
118,4.16666666667,40.8333333333,1
140,33.4077380952,58.0952380952,1
140,50.0,50.0,1
139,0.0,0.0,1
140,0.0,0.0,1
139,0.0,10.0,1
145,0.0,0.0,1
115,0.0,10.0,1
140,0.0,13.3333333333,1
139,25.0,40.0,1
139,0.0,0.0,1
140,0.0,0.0,1
140,0.0,10.0,1
128,0.0,10.0,1
140,50.0,50.0,1
139,0.0,0.0,1
135,0.0,10.0,1
146,0.0,0.0,1
140,5.0,40.0,1
140,5.0,40.0,1
86,0.0,10.0,1
119,0.0,0.0,1
123,-80.0,90.0,1
80,-12.5,32.5,1
139,0.0,0.0,1
140,0.0,10.0,1
140,50.0,50.0,1
140,0.0,0.0,1
140,26.6666666667,48.3333333333,1
140,5.0,40.0,1
93,10.0,40.0,1
140,47.5,67.5,1
133,5.0,40.0,1
139,0.0,0.0,1
129,0.0,0.0,1
140,60.0,70.0,1
140,0.0,0.0,1
96,0.0,10.0,1
137,0.0,0.0,1
137,0.0,10.0,1
146,25.0,90.0,1
144,0.0,0.0,1
135,0.0,0.0,1
140,0.0,0.0,1
123,-80.0,90.0,1
137,0.0,0.0,1
80,-12.5,32.5,1
140,26.6666666667,48.3333333333,1
111,0.0,0.0,1
114,0.0,0.0,1
105,-9.28571428571,52.1428571429,1
139,0.0,0.0,1
140,40.0,60.0,1
140,50.0,50.0,1
140,0.0,0.0,1
84,33.75,38.75,1
140,0.0,0.0,1
136,50.0,50.0,1
124,-19.1666666667,53.3333333333,1
124,-19.1666666667,53.3333333333,1
95,0.0,0.0,1
124,-19.1666666667,53.3333333333,1
140,0.0,12.5,1
124,-19.1666666667,53.3333333333,1
113,0.0,10.0,1
140,-50.0,30.0,1
124,-19.1666666667,53.3333333333,1
86,0.0,10.0,1
123,-80.0,90.0,1
80,-12.5,32.5,1
139,0.0,0.0,1
140,0.0,0.0,1
63,-40.0,70.0,1
140,0.0,0.0,1
146,0.0,0.0,1
139,0.0,0.0,1
