140,20.0,45.0,0
140,0.0,100.0,0
140,-25.0,47.5,0
144,50.0,15.0,0
140,6.81818181818,22.7272727273,0
140,50.0,50.0,0
140,-5.0,45.0,0
118,-5.0,5.0,0
52,0.0,40.0,0
142,0.0,100.0,0
113,0.0,0.0,0
81,0.0,0.0,0
50,0.0,0.0,0
145,0.0,0.0,0
140,70.0,60.0,0
140,22.7777777778,57.7777777778,0
140,13.6363636364,50.0,0
140,0.0,0.0,0
140,40.0,80.0,0
140,0.0,0.0,0
140,-10.0,5.0,0
140,0.0,0.0,0
140,40.0,80.0,0
148,62.5,50.0,0
142,0.0,0.0,0
141,13.6363636364,45.4545454545,0
140,20.0,30.0,0
140,0.0,0.0,0
140,0.0,0.0,0
140,0.0,75.0,0
140,55.0,95.0,0
140,6.81818181818,22.7272727273,0
140,50.0,50.0,0
140,55.0,75.0,0
141,13.6363636364,45.4545454545,0
128,50.0,50.0,0
139,-5.0,3.33333333333,0
66,0.0,0.0,0
140,0.0,0.0,0
108,0.0,0.0,0
140,0.0,63.3333333333,0
140,0.0,0.0,0
140,0.0,0.0,0
140,0.0,0.0,0
140,14.0,40.8571428571,0
140,37.5,61.25,0
95,-15.0,50.0,0
153,0.0,0.0,0
139,20.1262626263,44.4444444444,0
139,0.0,0.0,0
140,-20.0,30.0,0
88,40.0,80.0,0
142,50.0,67.5,0
47,40.0,80.0,0
47,40.0,80.0,0
138,0.0,0.0,0
140,40.0,80.0,0
142,3.33333333333,21.6666666667,0
140,0.0,0.0,0
136,4.16666666667,25.0,0
148,0.0,0.0,0
140,35.0,60.0,0
144,10.0,36.6666666667,0
140,30.0,50.0,0
140,50.0,100.0,0
140,15.0,45.0,0
140,0.0,0.0,0
131,0.0,0.0,0
140,30.0,50.0,0
135,25.0,30.0,0
121,-50.0,100.0,0
140,0.0,0.0,0
140,50.0,65.0,0
47,40.0,80.0,0
122,-20.0,40.0,0
47,40.0,80.0,0
140,30.0,50.0,0
143,-5.0,20.0,0
99,-25.0,21.25,0
140,0.0,0.0,0
137,20.2272727273,54.0909090909,0
138,37.5,59.7222222222,0
140,6.25,37.5,0
140,-13.8888888889,26.1111111111,0
148,0.0,0.0,0
140,0.0,0.0,0
140,0.0,0.0,0
140,10.0,30.0,0
140,35.0,60.0,0
42,0.0,0.0,0
95,10.8333333333,53.3333333333,0
140,40.0,80.0,0
134,13.6111111111,38.0555555556,0
77,-10.0,60.0,0
132,0.0,0.0,0
140,0.0,0.0,0
140,0.0,0.0,0
141,13.6363636364,50.0,0
78,20.0,55.0,0
140,20.0,45.0,0
62,0.0,0.0,0
140,30.0,50.0,0
140,-5.0,45.0,0
77,-10.0,60.0,0
145,35.7142857143,57.1428571429,0
96,50.0,50.0,0
47,40.0,80.0,0
47,40.0,80.0,0
140,25.0,100.0,0
148,25.0,58.3333333333,0
139,1.66666666667,43.3333333333,0
140,10.0,87.5,0
136,17.5324675325,47.7272727273,0
140,0.0,0.0,0
46,0.0,0.0,0
140,11.25,64.375,0
82,-10.0,25.0,0
132,0.0,0.0,0
62,0.0,0.0,0
140,70.0,60.0,0
144,50.0,55.0,0
111,0.0,100.0,0
139,26.8181818182,62.7272727273,0
136,44.4444444444,87.7777777778,0
140,50.0,50.0,0
50,0.0,0.0,0
140,0.0,0.0,0
47,40.0,80.0,0
47,40.0,80.0,0
140,4.54545454545,18.4848484848,0
134,0.625,35.0,0
117,0.0,0.0,0
122,0.0,0.0,0
140,73.3333333333,96.6666666667,0
140,13.6363636364,45.4545454545,0
119,50.0,50.0,0
125,6.66666666667,8.33333333333,0
140,48.6666666667,61.6666666667,0
47,40.0,80.0,0
140,46.8181818182,72.7272727273,0
140,0.0,0.0,0
140,60.0,90.0,0
139,-20.0,15.0,0
147,62.5,50.0,0
144,0.0,0.0,0
140,42.1875,62.5,0
117,-10.0,60.0,0
142,0.0,0.0,0
140,40.0,80.0,0
140,20.0,30.0,0
141,13.6363636364,45.4545454545,0
140,0.0,0.0,0
140,0.0,0.0,0
141,13.6363636364,45.4545454545,0
135,0.0,0.0,0
133,0.0,0.0,0
140,0.0,0.0,0
96,-25.0,25.0,0
146,30.0,83.3333333333,0
142,0.0,0.0,0
148,0.0,0.0,0
103,0.0,100.0,0
143,-50.0,50.0,0
136,-15.5555555556,28.8888888889,0
140,40.0,80.0,0
121,-50.0,50.0,0
95,0.0,0.0,0
138,40.0,62.5,0
141,0.0,0.0,0
135,0.0,0.0,0
140,-12.5,37.5,0
140,50.0,88.8888888889,0
117,0.0,0.0,0
139,50.0,50.0,0
142,-8.33333333333,3.33333333333,0
140,25.0,49.1666666667,0
139,12.5,30.0,0
55,-10.0,60.0,0
140,-40.0,40.0,0
140,13.6363636364,45.4545454545,0
115,0.0,0.0,0
135,25.0,30.0,0
140,32.0454545455,35.1515151515,0
140,17.8787878788,41.8181818182,0
54,0.0,100.0,0
142,0.0,0.0,0
140,15.0,45.0,0
137,0.0,0.0,0
153,0.0,0.0,0
112,43.3333333333,73.3333333333,0
140,16.6666666667,50.0,0
144,-25.0,100.0,0
140,35.0,55.0,0
97,-50.0,100.0,0
144,100.0,90.0,0
139,0.0,0.0,0
128,0.0,0.0,0
140,20.0,55.0,0
114,20.0,30.0,0
140,0.0,0.0,0
138,0.0,0.0,0
144,0.0,0.0,0
140,50.0,80.0,0
139,-10.7142857143,57.1428571429,0
48,-10.0,60.0,0
140,-3.57142857143,57.1428571429,0
140,17.5,34.1666666667,0
141,-10.0,60.0,0
121,0.0,0.0,0
140,-10.0,60.0,0
139,13.3333333333,54.1666666667,0
140,17.5,34.1666666667,0
140,-10.0,60.0,0
140,0.0,0.0,0
140,0.0,0.0,0
140,10.0,10.0,0
140,-1.0101010101,54.0404040404,0
140,10.0,87.5,0
140,17.5,34.1666666667,0
140,45.0,65.0,0
140,50.0,50.0,0
141,-10.0,60.0,0
140,17.5,34.1666666667,0
140,11.6666666667,60.0,0
127,25.0,50.0,0
140,0.0,0.0,0
140,-5.0,3.33333333333,0
129,-5.0,30.0,0
142,0.0,0.0,0
116,-15.0,50.0,0
140,25.0,25.0,0
114,0.0,0.0,0
140,1.81818181818,52.7272727273,0
130,0.0,0.0,0
140,0.0,0.0,0
52,50.0,60.0,0
95,-7.5,23.3333333333,0
105,-10.0,60.0,0
139,26.8181818182,42.7272727273,0
140,-10.0,20.0,0
140,40.0,40.0,0
111,-5.0,5.0,0
104,-5.0,40.0,0
134,50.0,83.3333333333,0
140,28.5714285714,53.5714285714,0
140,0.0,0.0,0
117,-5.0,3.33333333333,0
142,0.0,0.0,0
140,0.0,0.0,0
140,10.0,40.0,0
140,17.0454545455,45.4545454545,0
139,31.6666666667,48.3333333333,0
86,-15.0,50.0,0
142,0.0,0.0,0
116,0.0,0.0,0
136,0.0,0.0,0
140,6.81818181818,30.0,0
143,0.0,10.0,0
88,0.0,0.0,0
135,4.16666666667,25.0,0
141,13.6363636364,45.4545454545,0
133,13.6363636364,45.4545454545,0
140,25.0,61.6666666667,0
133,32.1590909091,48.8636363636,0
140,30.0,20.0,0
139,35.0,30.0,0
144,10.0,36.6666666667,0
141,13.6363636364,45.4545454545,0
139,0.0,0.0,0
126,5.0,20.0,0
77,80.0,40.0,0
139,0.0,0.0,0
140,50.0,80.0,0
140,17.5,34.1666666667,0
128,-10.0,15.0,0
143,16.7613636364,31.6666666667,0
140,1.66666666667,53.3333333333,0
141,0.0,0.0,0
140,25.0,61.6666666667,0
96,0.0,0.0,0
140,47.5,70.0,0
140,23.125,49.1666666667,0
140,8.33333333333,46.1111111111,0
67,0.0,0.0,0
142,-50.0,50.0,0
140,-2.38095238095,50.5952380952,0
140,-30.0,40.0,0
140,0.0,0.0,0
140,17.5,34.1666666667,0
153,0.0,0.0,0
79,0.0,100.0,0
140,100.0,30.0,0
140,20.0,55.0,0
140,-5.0,45.0,0
140,-50.0,50.0,0
118,-10.0,60.0,0
139,50.0,90.0,0
140,5.0,43.3333333333,0
140,13.6363636364,50.0,0
140,0.0,0.0,0
140,0.0,0.0,0
140,50.0,50.0,0
140,31.8181818182,72.7272727273,0
140,0.0,0.0,0
144,0.0,0.0,0
140,0.0,0.0,0
140,0.0,0.0,0
135,45.0,90.0,0
141,0.0,50.0,0
140,70.0,60.0,0
142,-50.0,78.5714285714,0
140,13.6363636364,50.0,0
140,-5.0,45.0,0
150,0.0,0.0,0
144,-16.6666666667,63.3333333333,0
139,23.75,41.25,0
100,0.0,10.0,0
89,50.0,50.0,0
134,0.0,0.0,0
139,26.8181818182,62.7272727273,0
140,0.0,0.0,0
140,40.0,60.0,0
140,0.0,10.0,0
140,8.75,23.75,0
140,100.0,30.0,0
140,50.0,50.0,0
128,37.5,75.0,0
140,-75.0,75.0,0
138,-15.0,30.0,0
140,0.0,0.0,0
139,8.33333333333,31.6666666667,0
140,15.0,35.0,0
140,23.2142857143,46.4285714286,0
140,30.0,50.0,0
140,15.0,25.0,0
140,6.81818181818,22.7272727273,0
137,-20.0,40.0,0
79,0.0,100.0,0
141,33.3333333333,83.3333333333,0
140,100.0,30.0,0
136,70.0,60.0,0
140,-3.18181818182,45.0,0
140,-50.0,50.0,0
140,-16.6666666667,6.66666666667,0
125,6.66666666667,8.33333333333,0
113,50.0,60.0,0
123,0.0,0.0,0
140,0.0,0.0,0
116,40.0,37.5,0
113,0.0,0.0,0
101,0.0,0.0,0
140,-25.0,60.0,0
109,0.0,0.0,0
140,30.0,35.0,0
140,12.5,62.5,0
140,75.0,100.0,0
102,0.0,0.0,0
136,50.0,50.0,0
144,0.0,0.0,0
140,5.83333333333,37.5,0
117,0.0,0.0,0
140,0.0,0.0,0
133,21.4285714286,64.2857142857,0
82,0.0,0.0,0
133,0.0,0.0,0
141,13.6363636364,45.4545454545,0
140,0.0,0.0,0
133,0.0,0.0,0
141,13.6363636364,45.4545454545,0
140,0.0,0.0,0
140,16.6666666667,20.8333333333,0
153,0.0,0.0,0
90,50.0,50.0,0
136,0.0,0.0,0
126,50.0,50.0,0
125,0.0,0.0,0
138,21.25,62.5,0
140,100.0,30.0,0
140,0.0,0.0,0
139,30.0,50.0,0
140,-50.0,50.0,0
130,0.0,100.0,0
114,43.3333333333,73.3333333333,0
140,6.81818181818,22.7272727273,0
140,0.0,0.0,0
138,0.0,5.0,0
96,50.0,50.0,0
140,16.8181818182,32.7272727273,0
129,0.0,0.0,0
140,22.4242424242,56.9696969697,0
140,0.0,0.0,0
140,0.0,0.0,0
140,17.5,34.1666666667,0
134,0.0,0.0,0
140,37.5,61.25,0
93,0.0,100.0,0
134,0.0,0.0,0
107,-36.6666666667,80.0,0
153,0.0,0.0,0
140,2.08333333333,52.2222222222,0
59,-10.0,60.0,0
140,-6.66666666667,6.66666666667,0
140,12.5,62.5,0
133,0.0,0.0,0
62,0.0,0.0,0
140,0.0,6.66666666667,0
140,-18.3333333333,41.6666666667,0
140,21.6666666667,35.0,0
140,-10.0,60.0,0
98,-15.0,40.0,0
90,-5.0,5.0,0
66,0.0,0.0,0
119,43.3333333333,33.3333333333,0
140,11.25,64.375,0
111,0.0,0.0,0
146,58.3333333333,56.6666666667,0
141,-10.0,60.0,0
90,20.0,20.0,0
140,-15.0,40.0,0
96,50.0,50.0,0
140,90.0,90.0,0
115,0.0,0.0,0
140,16.6666666667,46.6666666667,0
140,100.0,40.0,0
114,-6.66666666667,66.6666666667,0
140,0.0,0.0,0
140,-10.0,60.0,0
138,-15.0,30.0,0
140,0.0,0.0,0
138,0.0,5.0,0
77,-10.0,60.0,0
144,10.0,95.0,0
144,0.0,60.0,0
117,0.0,0.0,0
88,-5.0,90.0,0
89,0.0,0.0,0
137,50.0,100.0,0
139,-1.66666666667,50.0,0
148,25.0,58.3333333333,0
140,-16.6666666667,50.0,0
140,17.5,34.1666666667,0
140,-8.21428571429,16.4285714286,0
111,0.0,100.0,0
147,3.33333333333,6.66666666667,0
140,43.3939393939,71.4242424242,0
139,-21.6991341991,54.7619047619,0
115,0.0,0.0,0
140,0.0,0.0,0
109,-5.45454545455,48.4848484848,0
140,-10.0,10.0,0
140,0.0,0.0,0
88,0.0,40.0,0
140,-10.0,60.0,0
140,-16.6666666667,6.66666666667,0
77,-10.0,60.0,0
139,0.0,0.0,0
125,0.0,0.0,0
139,25.0,30.0,0
140,0.0,0.0,0
140,21.4285714286,50.0,0
140,4.16666666667,71.6666666667,0
52,25.0,33.3333333333,0
140,15.0,45.0,0
107,13.6363636364,50.0,0
114,0.0,0.0,0
145,0.0,0.0,0
140,-10.0,60.0,0
140,0.0,100.0,0
140,0.0,0.0,0
109,0.0,0.0,0
76,0.0,0.0,0
140,91.0,78.0,0
140,0.0,0.0,0
94,-10.0,60.0,0
140,10.0,87.5,0
50,0.0,0.0,0
129,20.0,30.0,0
140,91.0,78.0,0
140,0.0,32.5,0
127,17.0454545455,45.4545454545,0
140,100.0,40.0,0
95,50.0,50.0,0
124,0.0,10.0,0
143,0.0,0.0,0
134,0.0,0.0,0
128,-10.0,60.0,0
140,0.0,0.0,0
111,0.0,0.0,0
121,50.0,50.0,0
140,0.0,0.0,0
140,17.5,52.5,0
141,0.0,0.0,0
47,-25.0,40.0,0
108,-15.0,50.0,0
133,0.0,0.0,0
114,6.81818181818,72.7272727273,0
140,6.81818181818,30.0,0
140,-25.0,100.0,0
140,0.0,0.0,0
140,0.0,0.0,0
144,75.0,95.0,1
140,50.0,50.0,1
140,40.0,80.0,1
140,46.6666666667,50.0,1
140,0.0,0.0,1
140,0.0,0.0,1
147,62.5,50.0,1
140,-25.0,25.0,1
139,0.0,0.0,1
140,0.0,100.0,1
111,0.0,0.0,1
140,70.0,60.0,1
85,50.0,100.0,1
140,0.0,0.0,1
140,-10.0,46.25,1
141,0.0,0.0,1
140,0.0,0.0,1
140,38.3333333333,61.6666666667,1
112,13.6363636364,45.4545454545,1
140,25.0,37.5,1
135,45.8333333333,70.0,1
145,0.0,0.0,1
47,0.0,0.0,1
140,0.0,0.0,1
57,0.0,0.0,1
106,-29.1666666667,54.1666666667,1
71,50.0,88.8888888889,1
139,0.0,0.0,1
140,15.0,45.0,1
140,0.0,0.0,1
140,0.0,0.0,1
144,10.0,36.6666666667,1
132,28.5714285714,53.5714285714,1
140,0.0,0.0,1
144,33.5227272727,52.7272727273,1
133,50.0,50.0,1
125,0.0,0.0,1
140,0.0,0.0,1
140,0.0,0.0,1
140,0.0,0.0,1
140,20.0,65.0,1
140,0.0,0.0,1
84,0.0,0.0,1
125,0.0,0.0,1
140,35.7142857143,57.1428571429,1
141,-15.0,45.0,1
140,43.2142857143,75.8928571429,1
140,25.0,95.0,1
138,0.0,0.0,1
138,-5.0,5.0,1
137,0.0,0.0,1
140,0.0,0.0,1
114,-20.0,12.2222222222,1
136,0.0,0.0,1
93,50.0,60.0,1
140,0.0,0.0,1
140,6.50793650794,41.2301587302,1
139,20.0,50.0,1
140,0.0,0.0,1
140,50.0,50.0,1
147,62.5,50.0,1
125,0.0,0.0,1
140,0.0,0.0,1
77,0.0,0.0,1
106,52.0,100.0,1
140,6.81818181818,22.7272727273,1
144,10.0,36.6666666667,1
140,31.25,10.0,1
57,0.0,0.0,1
140,25.0,40.0,1
72,0.0,0.0,1
119,0.0,0.0,1
140,0.0,0.0,1
140,50.0,18.3333333333,1
138,0.0,24.126984127,1
144,66.6666666667,79.6666666667,1
140,-5.0,35.0,1
139,0.0,25.0,1
136,40.0,80.0,1
105,0.0,0.0,1
140,0.0,0.0,1
90,-2.5,45.0,1
117,100.0,30.0,1
140,100.0,40.0,1
156,5.0,20.0,1
139,0.0,0.0,1
136,-10.0,60.0,1
113,0.0,100.0,1
144,10.0,36.6666666667,1
128,20.0,40.0,1
85,50.0,100.0,1
80,0.0,0.0,1
140,10.4166666667,52.0833333333,1
130,0.0,0.0,1
142,0.0,0.0,1
140,-10.0,60.0,1
140,0.0,0.0,1
140,0.0,0.0,1
140,0.0,0.0,1
140,-10.0,83.3333333333,1
140,0.0,0.0,1
140,62.5,50.0,1
132,0.0,0.0,1
129,-6.66666666667,40.0,1
140,0.0,0.0,1
140,0.0,0.0,1
138,0.0,0.0,1
139,0.0,0.0,1
140,10.0,30.0,1
140,0.0,0.0,1
140,0.0,0.0,1
140,57.5,65.0,1
122,0.0,0.0,1
140,15.0,45.0,1
110,13.6363636364,45.4545454545,1
133,25.0,95.0,1
139,0.0,0.0,1
68,13.6363636364,50.0,1
140,35.7142857143,57.1428571429,1
96,0.0,0.0,1
139,0.0,0.0,1
96,0.0,0.0,1
138,0.0,0.0,1
139,50.0,50.0,1
140,0.0,0.0,1
115,0.0,0.0,1
140,63.3333333333,58.3333333333,1
130,0.0,0.0,1
143,50.0,100.0,1
140,0.0,0.0,1
135,0.0,6.66666666667,1
146,58.3333333333,56.6666666667,1
140,50.0,50.0,1
140,-25.0,25.0,1
140,41.0,61.6666666667,1
139,31.25,25.0,1
140,0.0,75.0,1
140,70.0,60.0,1
140,0.0,0.0,1
140,0.0,0.0,1
140,50.0,50.0,1
140,62.5,50.0,1
98,0.0,0.0,1
139,0.0,0.0,1
140,40.0,90.0,1
139,0.0,0.0,1
139,0.0,0.0,1
140,0.0,100.0,1
144,10.0,36.6666666667,1
114,0.0,0.0,1
109,-10.0,60.0,1
90,0.0,0.0,1
140,16.0,54.0,1
133,37.5,75.0,1
133,0.0,0.0,1
140,-25.0,50.0,1
139,18.75,87.5,1
140,5.53571428571,22.1428571429,1
138,30.0,60.0,1
140,17.0454545455,50.0,1
69,-20.0,40.0,1
133,0.0,0.0,1
140,0.0,0.0,1
140,-15.0,55.0,1
140,50.0,50.0,1
140,-10.0,60.0,1
143,31.6666666667,46.6666666667,1
140,0.0,75.0,1
132,0.0,0.0,1
140,10.0,66.6666666667,1
140,71.25,68.75,1
95,10.0,20.0,1
139,0.0,0.0,1
138,50.0,50.0,1
140,-60.0,90.0,1
140,0.0,0.0,1
140,0.0,0.0,1
139,30.0,20.0,1
140,0.0,0.0,1
140,0.0,0.0,1
140,0.0,0.0,1
140,13.6363636364,45.4545454545,1
143,50.0,100.0,1
42,0.0,0.0,1
57,0.0,0.0,1
140,0.0,0.0,1
131,50.0,50.0,1
118,93.75,95.0,1
120,-15.0,40.0,1
140,62.5,50.0,1
138,62.5,50.0,1
125,0.0,0.0,1
112,0.0,40.0,1
140,0.0,0.0,1
139,20.4761904762,74.7619047619,1
117,93.75,95.0,1
142,25.0,28.3333333333,1
118,93.75,95.0,1
140,20.0,25.0,1
139,62.5,50.0,1
61,0.0,0.0,1
86,0.0,0.0,1
139,0.0,0.0,1
78,0.0,0.0,1
144,0.0,0.0,1
140,0.0,75.0,1
139,62.5,50.0,1
140,0.0,0.0,1
140,15.0,45.0,1
140,50.0,50.0,1
139,-44.5833333333,77.0833333333,1
140,0.0,0.0,1
136,-10.0,60.0,1
144,-25.0,20.0,1
30,0.0,0.0,1
140,25.0,65.0,1
134,25.0,100.0,1
138,0.0,0.0,1
140,7.14285714286,25.5952380952,1
122,0.0,0.0,1
128,53.3333333333,58.3333333333,1
139,0.0,0.0,1
140,0.0,0.0,1
144,-10.0,12.1428571429,1
140,-29.1666666667,54.1666666667,1
123,0.0,0.0,1
140,26.6666666667,63.3333333333,1
125,0.0,0.0,1
136,-10.0,60.0,1
140,3.125,28.3333333333,1
113,50.0,50.0,1
83,-10.0,60.0,1
137,15.9090909091,48.8636363636,1
140,-30.0,40.0,1
81,0.0,0.0,1
42,0.0,0.0,1
90,0.0,0.0,1
57,0.0,0.0,1
96,0.0,0.0,1
116,97.65625,50.0,1
139,-44.5833333333,77.0833333333,1
126,30.0,55.0,1
140,-10.0,60.0,1
140,-16.6666666667,6.66666666667,1
140,0.0,62.5,1
111,21.2121212121,42.3737373737,1
140,93.75,95.0,1
118,93.75,95.0,1
140,93.75,95.0,1
140,8.33333333333,25.0,1
140,13.3333333333,53.3333333333,1
140,62.5,50.0,1
140,46.8181818182,72.7272727273,1
111,50.0,50.0,1
118,93.75,95.0,1
140,30.0,50.0,1
140,0.0,0.0,1
138,0.0,0.0,1
117,93.75,95.0,1
103,25.0,33.3333333333,1
142,0.0,0.0,1
43,0.0,0.0,1
144,75.0,95.0,1
140,62.5,50.0,1
140,43.2142857143,75.8928571429,1
140,11.6666666667,62.7777777778,1
128,41.6666666667,47.7777777778,1
144,0.0,0.0,1
146,0.0,0.0,1
140,50.0,50.0,1
140,0.0,0.0,1
140,0.0,0.0,1
140,-40.0,70.0,1
138,0.0,0.0,1
140,40.0,63.3333333333,1
144,-10.0,60.0,1
140,50.0,50.0,1
140,0.0,0.0,1
139,0.0,8.33333333333,1
134,0.0,0.0,1
140,50.0,50.0,1
139,16.0,54.0,1
140,0.0,0.0,1
93,-10.0,60.0,1
94,-40.0,70.0,1
140,50.0,62.5,1
123,0.0,0.0,1
140,70.0,60.0,1
114,0.0,0.0,1
100,0.0,0.0,1
90,0.0,0.0,1
111,0.0,40.0,1
144,-15.0,70.0,1
136,-10.0,60.0,1
140,0.0,0.0,1
140,0.0,0.0,1
140,3.125,28.3333333333,1
140,0.0,100.0,1
23,0.0,0.0,1
32,50.0,100.0,1
140,12.5,66.6666666667,1
74,0.0,0.0,1
140,0.0,0.0,1
106,0.0,0.0,1
118,0.0,0.0,1
117,0.0,0.0,1
125,0.0,0.0,1
140,8.33333333333,20.0,1
144,10.0,36.6666666667,1
109,23.3333333333,36.6666666667,1
117,93.75,95.0,1
140,0.0,0.0,1
140,62.5,50.0,1
140,62.5,50.0,1
140,43.75,50.0,1
112,0.0,0.0,1
138,62.5,50.0,1
140,29.375,53.75,1
114,0.0,0.0,1
83,-10.0,60.0,1
136,-5.0,15.0,1
139,0.0,0.0,1
140,12.5,37.5,1
144,58.75,70.0,1
140,-20.0,10.0,1
140,43.75,50.0,1
118,93.75,95.0,1
140,0.0,0.0,1
138,37.5,59.7222222222,1
139,13.6363636364,45.4545454545,1
139,62.5,50.0,1
140,25.0,50.0,1
140,43.75,50.0,1
133,-40.0,70.0,1
138,20.0,75.0,1
140,-16.6666666667,16.6666666667,1
139,100.0,100.0,1
150,13.6363636364,45.4545454545,1
80,-30.0,30.0,1
144,75.0,95.0,1
140,5.0,50.0,1
138,-20.0,15.0,1
79,0.0,0.0,1
140,0.0,0.0,1
137,0.0,0.0,1
140,35.7142857143,53.5714285714,1
111,0.0,0.0,1
135,0.0,10.0,1
140,0.0,0.0,1
65,40.0,80.0,1
140,0.0,0.0,1
140,40.0,80.0,1
140,6.66666666667,23.3333333333,1
132,20.0,55.0,1
142,0.0,0.0,1
140,13.6363636364,45.4545454545,1
140,-15.0,40.0,1
137,20.0,60.0,1
139,15.0,76.6666666667,1
106,13.6363636364,45.4545454545,1
140,0.0,0.0,1
140,0.0,50.0,1
140,0.0,0.0,1
117,50.0,60.0,1
138,37.5,59.7222222222,1
140,100.0,30.0,1
96,87.5,60.0,1
140,0.0,50.0,1
139,50.0,50.0,1
134,-5.0,5.0,1
140,13.6363636364,45.4545454545,1
140,0.0,10.0,1
139,0.0,10.0,1
140,60.0,80.0,1
77,-10.0,60.0,1
140,35.7142857143,53.5714285714,1
65,40.0,80.0,1
144,10.0,36.6666666667,1
137,0.0,0.0,1
137,50.0,50.0,1
140,0.0,0.0,1
33,-50.0,100.0,1
140,65.6666666667,75.6666666667,1
140,6.25,16.25,1
140,-12.5,37.5,1
117,0.0,0.0,1
140,0.0,0.0,1
140,25.0,33.3333333333,1
140,0.0,0.0,1
140,13.6363636364,50.0,1
132,-15.0,55.0,1
140,40.0,80.0,1
138,37.5,59.7222222222,1
138,0.0,0.0,1
114,0.0,0.0,1
144,0.0,0.0,1
139,0.0,37.5,1
140,0.0,0.0,1
138,0.0,0.0,1
140,40.0,40.0,1
140,-10.0,60.0,1
140,62.5,50.0,1
118,93.75,95.0,1
139,62.5,50.0,1
99,0.0,0.0,1
140,8.48484848485,26.0606060606,1
139,20.0,40.0,1
146,0.0,0.0,1
110,50.0,60.0,1
140,-10.0,46.25,1
118,93.75,95.0,1
139,100.0,100.0,1
138,37.5,59.7222222222,1
138,62.5,50.0,1
140,0.0,62.5,1
140,0.0,0.0,1
138,62.5,50.0,1
140,0.0,0.0,1
140,18.75,87.5,1
140,0.0,71.4285714286,1
117,93.75,95.0,1
140,50.0,80.0,1
140,-10.0,60.0,1
140,6.81818181818,30.0,1
140,0.0,0.0,1
140,-10.0,60.0,1
140,25.0,31.25,1
141,0.0,12.5,1
140,0.0,0.0,1
143,100.0,100.0,1
139,13.6363636364,45.4545454545,1
140,-13.3333333333,46.6666666667,1
141,0.0,0.0,1
140,78.0,100.0,1
133,2.15277777778,49.7222222222,1
132,-15.0,55.0,1
138,37.5,59.7222222222,1
140,28.5714285714,53.5714285714,1
139,100.0,100.0,1
141,0.0,12.5,1
131,0.0,0.0,1
139,40.0,65.0,1
140,0.0,0.0,1
140,0.0,0.0,1
90,-2.5,45.0,1
114,0.0,0.0,1
89,0.0,0.0,1
140,13.6363636364,50.0,1
77,60.0,100.0,1
93,0.0,75.0,1
140,0.0,12.5,1
140,0.0,0.0,1
139,0.0,0.0,1
112,0.0,0.0,1
140,0.0,6.66666666667,1
138,0.0,0.0,1
97,30.0,66.6666666667,1
140,25.0,40.0,1
118,0.0,0.0,1
140,63.75,75.0,1
126,60.0,100.0,1
84,0.0,0.0,1
127,0.0,0.0,1
136,21.4285714286,42.8571428571,1
140,0.0,0.0,1
140,15.0,45.0,1
125,0.0,0.0,1
129,0.0,0.0,1
125,0.0,0.0,1
117,0.0,0.0,1
139,0.0,0.0,1
144,80.0,75.0,1
117,93.75,95.0,1
127,0.0,0.0,1
140,0.0,0.0,1
140,100.0,30.0,1
140,0.0,0.0,1
118,93.75,95.0,1
97,30.0,66.6666666667,1
143,100.0,100.0,1
117,0.0,0.0,1
140,60.0,90.0,1
140,62.5,50.0,1
118,93.75,95.0,1
143,100.0,100.0,1
138,37.5,59.7222222222,1
144,10.0,36.6666666667,1
138,0.0,0.0,1
57,0.0,0.0,1
140,-10.0,60.0,1
136,50.0,50.0,1
140,0.0,0.0,1
140,6.81818181818,22.7272727273,1
140,0.0,40.0,1
139,0.0,0.0,1
74,100.0,60.0,1
140,46.8181818182,72.7272727273,1
132,64.1666666667,66.6666666667,1
140,50.0,50.0,1
140,0.0,12.5,1
130,0.0,0.0,1
176,0.0,100.0,1
104,40.0,80.0,1
139,-7.77777777778,29.4444444444,1
137,50.0,55.0,1
140,0.0,0.0,1
140,0.0,0.0,1
134,-20.8333333333,43.3333333333,1
139,0.0,50.0,1
140,13.6363636364,45.4545454545,1
97,0.0,0.0,1
139,0.0,0.0,1
140,45.0,75.0,1
139,0.0,0.0,1
104,-10.0,60.0,1
94,0.0,30.0,1
140,0.0,0.0,1
114,-10.0,60.0,1
118,-10.0,60.0,1
140,0.0,0.0,1
78,0.0,30.0,1
140,0.0,0.0,1
140,44.1666666667,63.3333333333,1
148,0.0,0.0,1
137,3.125,30.0,1
115,0.0,30.0,1
139,0.0,100.0,1
36,-60.0,90.0,1
143,0.0,0.0,1
129,25.0,90.0,1
140,0.0,0.0,1
140,0.0,10.0,1
67,0.0,65.0,1
140,-50.0,100.0,1
140,0.0,0.0,1
41,0.0,6.66666666667,1
140,-12.5,37.5,1
93,0.0,0.0,1
65,0.0,0.0,1
140,17.5,40.0,1
140,50.0,50.0,1
136,0.0,0.0,1
139,43.75,30.0,1
143,17.8787878788,30.0,1
140,7.5,46.6666666667,1
140,0.0,0.0,1
140,20.0,72.5,1
89,0.0,100.0,1
65,0.0,0.0,1
140,58.3333333333,74.4444444444,1
112,0.0,65.0,1
140,4.46428571429,71.4285714286,1
140,10.2777777778,40.2777777778,1
115,0.0,0.0,1
47,0.0,0.0,1
129,-20.0,0.0,1
118,-10.0,60.0,1
140,0.0,65.0,1
140,45.0,75.0,1
110,0.0,0.0,1
70,-40.0,100.0,1
140,0.0,65.0,1
140,0.0,0.0,1
140,0.0,0.0,1
140,45.0,75.0,1
140,21.9318181818,43.2196969697,1
139,0.0,0.0,1
140,0.0,65.0,1
140,40.0,80.0,1
104,-10.0,60.0,1
140,38.75,53.8888888889,1
82,20.0,20.0,1
140,0.0,65.0,1
145,0.0,0.0,1
140,75.0,75.0,1
140,20.0,20.0,1
140,0.0,65.0,1
140,0.0,0.0,1
104,-10.0,60.0,1
134,0.0,0.0,1
146,58.3333333333,56.6666666667,1
117,-10.0,60.0,1
118,-10.0,60.0,1
143,0.0,0.0,1
119,0.0,0.0,1
116,-10.0,60.0,1
140,-50.0,100.0,1
127,16.8181818182,32.7272727273,1
104,-10.0,60.0,1
140,-50.0,100.0,1
140,12.5,57.7380952381,1
139,0.0,12.5,1
147,0.0,0.0,1
140,-11.3888888889,44.7222222222,1
157,40.0,90.0,1
140,-50.0,100.0,1
146,0.0,0.0,1
116,0.0,0.0,1
116,-10.0,60.0,1
128,10.0,30.0,1
139,-40.0,40.0,1
144,3.33333333333,60.0,1
140,-15.0,40.0,1
125,-25.0,40.0,1
126,0.0,0.0,1
139,0.0,35.7142857143,1
140,-50.0,100.0,1
139,0.0,0.0,1
137,0.0,0.0,1
104,-10.0,60.0,1
118,-10.0,60.0,1
140,20.0,20.0,1
82,-50.0,100.0,1
118,-10.0,60.0,1
140,36.6666666667,83.3333333333,1
140,-50.0,100.0,1
139,0.0,75.0,1
134,25.0,67.8571428571,1
139,0.0,100.0,1
139,50.0,50.0,1
140,27.5,72.5,1
140,0.0,0.0,1
140,0.0,33.3333333333,1
83,0.0,0.0,1
104,-10.0,60.0,1
133,37.5,50.0,1
118,-10.0,60.0,1
121,25.0,50.0,1
98,0.0,40.0,1
115,-10.0,60.0,1
140,0.0,0.0,1
122,0.0,0.0,1
136,50.0,50.0,1
139,0.0,0.0,1
109,10.0,30.0,1
78,0.0,0.0,1
140,-7.14285714286,14.2857142857,1
140,24.5454545455,48.4848484848,1
140,0.0,12.5,1
104,-10.0,60.0,1
53,0.0,0.0,1
140,30.0,10.0,1
140,50.0,50.0,1
107,14.8148148148,39.6296296296,1
137,-3.33333333333,31.6666666667,1
101,5.0,40.0,1
108,10.0,40.0,1
139,20.0,27.5,1
93,0.0,0.0,1
95,50.0,90.0,1
93,-10.0,60.0,1
140,0.0,0.0,1
124,0.0,0.0,1
139,25.0,51.25,1
140,26.9444444444,57.7777777778,1
113,0.0,0.0,1
96,20.0,20.0,1
140,0.0,0.0,1
134,25.0,33.3333333333,1
126,0.0,0.0,1
128,0.0,0.0,1
129,10.0,40.0,1
139,0.0,40.0,1
140,33.3333333333,80.0,1
140,-40.0,40.0,1
140,75.0,67.5,1
107,0.0,0.0,1
118,-10.0,60.0,1
140,78.125,100.0,1
140,0.0,0.0,1
137,35.0,55.0,1
104,-10.0,60.0,1
61,0.0,0.0,1
91,0.0,0.0,1
143,6.81818181818,22.7272727273,1
128,0.0,0.0,1
140,50.0,75.0,1
124,0.0,0.0,1
139,20.1262626263,44.4444444444,1
82,0.0,0.0,1
139,33.75,59.1666666667,1
140,0.0,0.0,1
140,25.0,25.0,1
140,-12.5,37.5,1
130,20.0,20.0,1
140,-16.6666666667,43.3333333333,1
141,0.0,0.0,1
140,-40.0,40.0,1
139,0.0,76.6666666667,1
139,0.0,0.0,1
140,-50.0,100.0,1
140,0.0,0.0,1
140,6.25,37.5,1
94,0.0,10.0,1
140,-50.0,50.0,1
136,62.5,72.5,1
139,80.0,70.0,1
140,0.0,0.0,1
67,0.0,0.0,1
140,16.8181818182,32.7272727273,1
140,0.0,0.0,1
140,0.0,0.0,1
140,0.0,0.0,1
140,0.0,0.0,1
140,50.0,100.0,1
91,0.0,65.0,1
66,100.0,60.0,1
140,0.0,0.0,1
144,0.0,0.0,1
100,3.125,30.0,1
140,11.25,77.5,1
87,0.0,0.0,1
128,0.0,0.0,1
139,3.33333333333,6.66666666667,1
140,16.6666666667,30.0,1
140,0.0,0.0,1
140,50.0,80.0,1
140,0.0,0.0,1
140,0.0,100.0,1
87,0.0,40.0,1
140,50.0,50.0,1
140,-25.0,40.0,1
140,-12.5,37.5,1
77,0.0,0.0,1
120,-37.5,40.0,1
119,0.0,0.0,1
137,0.0,0.0,1
140,0.0,0.0,1
140,0.0,0.0,1
74,0.0,35.7142857143,1
97,0.0,0.0,1
140,40.0,45.0,1
140,7.14285714286,38.0952380952,1
145,0.0,12.5,1
140,-5.0,40.0,1
140,17.5,51.6666666667,1
140,10.0,0.0,1
29,0.0,0.0,1
148,0.0,0.0,1
109,50.0,50.0,1
140,0.0,40.0,1
140,0.0,0.0,1
140,0.0,0.0,1
138,0.0,30.0,1
140,15.291005291,64.3915343915,1
140,-18.75,50.0,1
140,0.0,0.0,1
140,13.6363636364,50.0,1
146,43.3333333333,83.3333333333,1
140,-18.75,50.0,1
139,16.0,54.0,1
136,100.0,90.0,1
140,47.5,61.6666666667,1
102,15.625,75.0,1
114,8.48484848485,26.0606060606,1
108,13.6363636364,45.4545454545,1
129,10.0,10.0,1
81,0.0,0.0,1
140,0.0,0.0,1
140,-10.0,100.0,1
132,0.0,0.0,1
140,-20.0,40.0,1
139,10.0,50.0,1
140,80.0,75.0,1
140,0.0,0.0,1
138,-15.625,37.5,1
140,0.0,0.0,1
96,13.6363636364,45.4545454545,1
135,14.8148148148,39.6296296296,1
140,0.0,0.0,1
140,3.125,25.0,1
114,6.81818181818,72.7272727273,1
140,13.6363636364,45.4545454545,1
140,0.0,0.0,1
140,0.0,0.0,1
140,0.0,0.0,1
140,3.33333333333,6.66666666667,1
140,-0.833333333333,60.0,1
139,65.0,100.0,1
146,-20.0,30.0,1
140,20.0,55.0,1
140,0.0,60.0,1
146,37.5,61.1111111111,1
123,0.0,0.0,1
83,0.0,0.0,1
121,0.0,0.0,1
140,0.0,50.0,1
87,62.5,50.0,1
142,0.0,0.0,1
140,33.3333333333,66.6666666667,1
144,25.0,33.3333333333,1
101,-16.6666666667,70.8333333333,1
140,0.0,100.0,1
83,13.6363636364,45.4545454545,1
140,0.0,0.0,1
93,60.0,100.0,1
140,40.0,80.0,1
139,40.0,35.0,1
142,0.0,0.0,1
136,0.0,0.0,1
140,0.0,50.0,1
140,0.0,12.5,1
136,0.0,0.0,1
144,50.0,15.0,1
140,0.0,0.0,1
139,0.0,0.0,1
140,-12.5,62.5,1
140,13.6363636364,45.4545454545,1
142,0.0,100.0,1
139,51.6666666667,61.6666666667,1
135,0.0,0.0,1
140,0.0,0.0,1
125,70.0,60.0,1
145,0.0,0.0,1
115,0.0,65.0,1
148,0.0,0.0,1
75,0.0,40.0,1
143,50.0,80.0,1
140,60.0,62.5,1
136,0.0,0.0,1
140,0.0,0.0,1
140,67.7083333333,83.3333333333,1
134,25.0,33.3333333333,1
140,-50.0,100.0,1
81,20.0,50.0,1
140,0.0,0.0,1
119,0.0,0.0,1
140,-21.25,55.0,1
140,26.7857142857,64.2857142857,1
90,0.0,65.0,1
35,0.0,0.0,1
96,100.0,100.0,1
91,0.0,0.0,1
140,0.0,37.5,1
73,25.0,15.0,1
55,50.0,60.0,1
144,0.0,0.0,1
146,0.0,0.0,1
140,33.75,43.3333333333,1
140,0.0,0.0,1
135,0.0,0.0,1
120,0.0,0.0,1
140,0.0,25.0,1
109,0.0,0.0,1
138,0.0,0.0,1
79,0.0,100.0,1
140,-50.0,50.0,1
140,0.0,0.0,1
107,-1.66666666667,27.5,1
140,0.0,0.0,1
139,0.0,0.0,1
140,-20.0,60.0,1
144,25.0,75.0,1
140,-50.0,100.0,1
140,0.0,12.5,1
140,0.0,100.0,1
140,-6.5,52.0,1
78,0.0,0.0,1
110,0.0,30.0,1
140,46.0,54.0,1
140,8.33333333333,64.1666666667,1
140,10.0,30.0,1
140,37.5,20.0,1
140,-6.86111111111,23.7777777778,1
112,0.0,0.0,1
65,0.0,6.66666666667,1
140,-100.0,100.0,1
140,0.0,0.0,1
135,-16.6666666667,16.6666666667,1
123,-30.0,66.6666666667,1
148,46.6666666667,30.0,1
139,0.0,0.0,1
133,-15.5555555556,28.8888888889,1
72,20.0,40.0,1
140,0.0,100.0,1
139,-5.0,40.0,1
146,13.6363636364,50.0,1
140,8.33333333333,63.0,1
83,0.0,0.0,1
140,62.5,50.0,1
83,0.0,0.0,1
142,0.0,0.0,1
140,-10.0,10.0,1
140,25.0,85.0,1
139,-5.0,57.5,1
146,13.6363636364,50.0,1
140,100.0,30.0,1
139,0.0,100.0,1
140,13.6363636364,45.4545454545,1
136,-37.5,62.5,1
140,0.0,0.0,1
140,0.0,14.2857142857,1
87,40.0,90.0,1
140,0.0,0.0,1
71,16.0,54.0,1
140,0.0,0.0,1
106,25.0,25.0,1
140,0.0,0.0,1
78,50.0,90.0,1
118,0.0,0.0,1
140,0.0,0.0,1
139,50.0,50.0,1
140,4.46428571429,71.4285714286,1
140,0.0,65.0,1
140,0.0,0.0,1
140,4.46428571429,71.4285714286,1
103,50.0,50.0,1
143,6.81818181818,22.7272727273,1
115,0.0,0.0,1
91,0.0,65.0,1
140,0.0,100.0,1
77,-37.5,62.5,1
140,0.0,0.0,1
140,-20.0,0.0,1
139,10.0,30.0,1
140,0.0,0.0,1
73,0.0,0.0,1
140,-100.0,100.0,1
140,0.0,0.0,1
140,0.0,0.0,1
125,6.66666666667,8.33333333333,1
133,0.0,0.0,1
106,0.0,100.0,1
140,25.0,25.0,1
133,0.0,0.0,1
140,50.0,20.0,1
140,30.3333333333,59.6666666667,1
144,-20.0,40.0,1
140,-18.75,50.0,1
91,0.0,0.0,1
140,40.0,100.0,1
140,-25.0,40.0,1
140,0.0,0.0,1
87,0.0,0.0,1
80,0.0,0.0,1
97,0.0,0.0,1
148,20.0,66.25,1
140,-50.0,50.0,1
140,-12.5,45.0,1
101,19.5238095238,23.4126984127,1
133,0.0,0.0,1
125,50.0,100.0,1
132,0.0,50.0,1
136,0.0,0.0,1
136,0.0,0.0,1
140,0.0,10.0,1
140,21.1038961039,51.7857142857,1
141,25.0,45.0,1
140,20.0,20.0,1
140,0.0,0.0,1
79,-20.0,30.0,1
140,20.0,55.0,1
140,45.0,75.0,1
81,0.0,0.0,1
140,0.0,0.0,1
67,0.0,0.0,1
140,25.0,33.3333333333,1
140,0.0,0.0,1
72,27.5,42.5,1
135,-20.8333333333,6.66666666667,1
78,0.0,0.0,1
139,0.0,0.0,1
140,-21.25,55.0,1
139,33.75,59.1666666667,1
140,0.0,0.0,1
140,33.4077380952,58.0952380952,1
134,25.0,30.0,1
62,0.0,0.0,1
127,0.0,0.0,1
140,0.0,0.0,1
122,0.0,0.0,1
140,35.5,67.5,1
140,0.0,100.0,1
96,-31.25,68.75,1
132,8.0,27.0,1
144,10.2777777778,48.0555555556,1
132,16.0,54.0,1
97,0.0,0.0,1
115,-14.5833333333,27.0833333333,1
121,0.0,0.0,1
48,-20.0,15.0,1
139,10.0,40.0,1
98,40.0,100.0,1
140,31.25,60.0,1
140,35.0,35.0,1
140,0.0,23.3333333333,1
140,0.0,0.0,1
140,0.0,0.0,1
140,0.0,50.0,1
140,-5.0,35.0,1
112,0.0,65.0,1
140,38.0681818182,47.7272727273,1
142,0.0,40.0,1
133,0.0,25.0,1
140,0.0,65.0,1
74,0.0,35.7142857143,1
139,13.6363636364,45.4545454545,1
133,0.0,0.0,1
140,10.0,40.0,1
120,26.8181818182,62.7272727273,1
139,0.0,0.0,0
140,0.0,10.0,0
135,25.0,50.0,0
139,1.66666666667,3.33333333333,0
113,0.0,0.0,0
102,0.0,0.0,0
139,0.0,0.0,0
136,20.0,50.0,0
140,0.0,75.0,0
116,0.0,0.0,0
125,6.81818181818,35.2272727273,0
140,0.0,0.0,0
140,0.0,0.0,0
140,0.0,0.0,0
140,0.0,26.25,0
138,0.0,0.0,0
138,16.6666666667,63.3333333333,0
126,100.0,100.0,0
139,62.5,50.0,0
140,93.75,95.0,0
139,62.5,50.0,0
140,13.6363636364,45.4545454545,0
139,0.0,0.0,0
117,93.75,95.0,0
140,21.2121212121,52.6515151515,0
117,93.75,95.0,0
135,0.0,0.0,0
140,0.0,0.0,0
95,13.6363636364,45.4545454545,0
140,1.25,95.0,0
118,93.75,95.0,0
72,0.0,30.0,0
144,0.0,50.0,0
78,16.6666666667,63.3333333333,0
111,0.0,66.6666666667,0
112,13.6363636364,50.0,0
138,62.5,50.0,0
137,0.0,0.0,0
140,20.3787878788,38.4848484848,0
138,0.0,0.0,0
118,93.75,95.0,0
140,0.0,0.0,0
144,10.0,50.0,0
140,0.0,12.5,0
94,0.0,0.0,0
134,0.0,0.0,0
140,0.0,0.0,0
123,0.0,0.0,0
49,0.0,0.0,0
117,0.0,0.0,0
140,50.0,50.0,0
103,0.0,10.0,0
70,50.0,60.0,0
139,0.0,0.0,0
113,0.0,0.0,0
109,0.0,0.0,0
113,0.0,0.0,0
113,0.0,0.0,0
140,0.0,30.0,0
140,25.0,25.0,0
119,16.6666666667,63.3333333333,0
89,0.0,0.0,0
140,0.0,0.0,0
110,-20.0,40.0,0
138,0.0,10.0,0
140,2.91666666667,35.0,0
145,0.0,0.0,0
90,0.0,0.0,0
140,30.0,40.0,0
110,0.0,0.0,0
140,5.35714285714,28.5714285714,0
140,-20.0,33.3333333333,0
125,0.0,0.0,0
132,0.0,0.0,0
140,25.0,25.0,0
144,40.0,80.0,0
140,18.75,76.6666666667,0
90,0.0,10.0,0
131,0.0,0.0,0
128,0.0,0.0,0
116,0.0,10.0,0
118,31.8181818182,47.7272727273,0
140,0.0,0.0,0
141,-43.1818181818,67.7272727273,0
140,0.0,0.0,0
52,-12.5,37.5,0
140,0.0,0.0,0
138,6.81818181818,35.2272727273,0
140,10.0,33.75,0
78,0.0,0.0,0
140,55.0,65.0,0
117,93.75,95.0,0
137,50.0,60.0,0
140,0.0,0.0,0
130,0.0,0.0,0
139,18.1818181818,50.0,0
139,0.0,0.0,0
129,0.0,0.0,0
58,-33.3333333333,66.6666666667,0
117,0.0,0.0,0
117,0.0,0.0,0
131,0.0,100.0,0
140,93.75,95.0,0
140,0.0,0.0,0
139,30.0,80.0,0
140,100.0,100.0,0
140,50.0,50.0,0
140,0.0,0.0,0
140,0.0,40.0,0
89,10.0,40.0,0
138,62.5,50.0,0
114,0.0,10.0,0
140,0.0,0.0,0
125,0.0,0.0,0
140,0.0,0.0,0
140,0.0,0.0,0
96,-12.5,37.5,0
140,50.0,50.0,0
34,0.0,0.0,0
140,0.0,0.0,0
140,0.0,0.0,0
140,0.0,0.0,0
114,0.0,10.0,0
140,0.0,0.0,0
140,0.0,75.0,0
138,15.1515151515,39.3939393939,0
140,50.0,50.0,0
139,100.0,30.0,0
139,20.1262626263,44.4444444444,0
140,21.6666666667,58.3333333333,0
140,0.0,25.0,0
140,6.25,37.5,0
124,0.0,0.0,0
140,-3.33333333333,28.3333333333,0
140,0.0,40.0,0
82,0.0,0.0,0
140,0.0,0.0,0
140,0.0,10.0,0
118,60.0,90.0,0
140,-100.0,100.0,0
118,93.75,95.0,0
86,25.0,33.3333333333,0
140,93.75,95.0,0
118,93.75,95.0,0
140,20.0,40.0,0
75,0.0,0.0,0
142,0.0,0.0,0
140,-50.0,50.0,0
140,93.75,95.0,0
140,93.75,95.0,0
139,93.75,95.0,0
140,0.0,0.0,0
140,25.0,50.0,0
140,10.0,13.5714285714,0
140,62.5,50.0,0
85,70.0,60.0,0
138,62.5,50.0,0
117,93.75,95.0,0
140,-14.5833333333,47.0833333333,0
118,93.75,95.0,0
104,0.0,0.0,0
144,40.0,80.0,0
139,3.33333333333,48.8888888889,0
139,3.33333333333,48.8888888889,0
132,0.0,0.0,0
126,17.5,52.5,0
140,0.0,0.0,0
140,0.0,25.0,0
125,3.33333333333,66.6666666667,0
140,23.0357142857,65.5357142857,0
140,0.0,0.0,0
140,0.0,10.0,0
139,0.0,0.0,0
130,35.0,35.0,0
140,50.0,50.0,0
140,35.0,65.0,0
56,0.0,0.0,0
127,0.0,0.0,0
144,13.6363636364,50.0,0
140,0.0,60.0,0
109,0.0,30.0,0
136,0.0,0.0,0
138,0.0,0.0,0
140,0.0,0.0,0
115,0.0,0.0,0
135,25.0,50.0,0
114,0.0,0.0,0
124,0.0,0.0,0
136,40.0,56.6666666667,0
140,8.40909090909,30.7386363636,0
115,0.0,0.0,0
134,-5.0,40.0,0
140,0.0,0.0,0
89,0.0,0.0,0
133,0.0,0.0,0
140,0.0,0.0,0
138,0.0,10.0,0
118,31.8181818182,47.7272727273,0
117,0.0,0.0,0
139,93.75,95.0,0
140,62.5,50.0,0
140,50.0,75.0,0
140,0.0,0.0,0
140,15.0,25.0,0
118,93.75,95.0,0
125,0.0,0.0,0
117,93.75,95.0,0
139,93.75,95.0,0
140,13.6363636364,50.0,0
139,62.5,50.0,0
140,0.0,0.0,0
140,93.75,95.0,0
138,0.0,0.0,0
140,0.0,12.5,0
59,0.0,0.0,0
140,0.0,0.0,0
20,70.0,60.0,0
54,0.0,0.0,0
140,0.0,0.0,0
140,0.0,0.0,0
140,24.6753246753,49.512987013,0
126,-1.14583333333,30.8333333333,0
139,25.0,75.0,0
139,62.5,27.5,0
80,-10.0,60.0,0
140,-100.0,100.0,0
140,0.0,0.0,0
136,13.6363636364,50.0,0
138,20.0,60.0,0
127,25.0,33.3333333333,0
140,0.0,0.0,0
92,-40.0,60.0,0
140,0.0,0.0,0
140,10.0,20.0,0
140,0.0,0.0,0
135,25.0,50.0,0
146,43.3333333333,83.3333333333,0
144,68.75,33.75,0
141,0.0,0.0,0
140,0.0,0.0,0
140,13.6363636364,45.4545454545,0
140,0.0,0.0,0
136,0.0,0.0,0
139,46.2121212121,61.8181818182,0
140,7.14285714286,25.5952380952,0
140,13.3333333333,34.4444444444,0
140,13.6363636364,50.0,0
140,0.0,0.0,0
140,19.3181818182,41.6666666667,0
118,31.8181818182,47.7272727273,0
139,-20.0,40.0,0
139,75.0,95.0,0
144,0.0,0.0,0
139,-20.0,40.0,0
140,28.5227272727,65.0,0
91,20.0,20.0,0
110,0.0,0.0,0
137,0.0,0.0,0
140,41.6666666667,91.6666666667,0
140,31.25,25.0,0
142,10.0,38.3333333333,0
139,25.0,50.0,0
140,50.0,50.0,0
140,20.0,25.0,0
140,20.7954545455,59.1666666667,0
128,-20.0,10.0,0
140,0.0,0.0,0
138,62.5,50.0,0
139,0.0,0.0,0
140,0.0,0.0,0
138,0.0,0.0,0
139,0.0,0.0,0
140,13.6363636364,50.0,0
140,0.0,0.0,0
110,0.0,0.0,0
135,0.0,100.0,0
140,0.0,0.0,0
140,0.0,0.0,0
139,62.5,50.0,0
76,0.0,0.0,0
140,0.0,0.0,0
140,93.75,95.0,0
140,22.8571428571,50.4761904762,0
83,0.0,0.0,0
140,0.0,0.0,0
140,30.0,0.0,0
140,0.0,0.0,0
75,-25.0,60.0,0
140,0.0,0.0,0
140,62.5,50.0,0
125,25.0,50.0,0
139,0.0,0.0,0
124,25.0,50.0,0
118,93.75,95.0,0
125,0.0,43.75,0
115,0.0,0.0,0
100,25.0,50.0,0
136,50.0,50.0,0
139,30.0,56.25,0
114,100.0,100.0,0
140,3.75,60.0,0
116,0.0,100.0,0
118,0.0,0.0,0
124,25.0,50.0,0
114,0.0,0.0,0
142,17.2222222222,39.4444444444,0
89,0.0,0.0,0
143,26.8181818182,72.7272727273,0
140,0.0,0.0,0
140,0.0,0.0,0
91,0.0,0.0,0
145,0.0,12.5,0
140,0.0,0.0,0
84,0.0,0.0,0
107,0.0,0.0,0
141,50.0,50.0,0
140,0.0,0.0,0
140,35.9090909091,63.8636363636,0
136,0.0,0.0,0
140,0.0,0.0,0
99,0.0,0.0,0
140,40.0,80.0,0
140,19.3181818182,41.6666666667,0
140,15.0,49.1666666667,0
140,35.9090909091,63.8636363636,0
140,0.0,0.0,0
140,-15.5555555556,28.8888888889,0
143,5.0,50.0,0
140,60.0,90.0,0
136,25.0,50.0,0
102,10.0,40.0,0
138,43.75,62.5,0
140,18.75,37.5,0
138,13.6363636364,50.0,0
140,10.7142857143,52.1428571429,0
146,0.0,0.0,0
137,25.0,50.0,0
136,0.0,100.0,0
138,0.0,0.0,0
118,6.81818181818,35.2272727273,0
141,0.0,100.0,0
114,0.0,0.0,0
140,0.0,0.0,0
141,0.0,0.0,0
140,71.25,68.75,0
140,0.0,0.0,0
117,93.75,95.0,0
118,93.75,95.0,0
135,25.0,50.0,0
140,-14.5833333333,33.3333333333,0
139,93.75,95.0,0
140,62.5,50.0,0
138,62.5,50.0,0
140,0.0,0.0,0
143,0.0,6.66666666667,0
117,93.75,95.0,0
139,62.5,50.0,0
117,0.0,0.0,0
140,15.0,45.0,0
119,0.0,10.0,0
140,0.0,0.0,0
136,0.0,0.0,0
133,0.0,0.0,0
137,0.0,0.0,0
138,0.0,10.0,0
140,6.81818181818,35.2272727273,0
140,0.0,0.0,0
140,0.0,0.0,0
123,10.0,40.0,0
135,0.0,0.0,0
139,0.0,0.0,0
111,0.0,0.0,0
102,0.0,0.0,0
137,0.0,10.0,0
127,0.0,0.0,0
140,-6.66666666667,85.0,0
140,0.0,0.0,0
140,0.0,0.0,0
135,-20.8333333333,6.66666666667,0
140,0.0,0.0,0
119,10.0,57.5,0
87,0.0,0.0,0
114,0.0,10.0,0
114,0.0,0.0,0
141,-31.25,56.25,0
140,0.0,0.0,0
140,0.0,0.0,0
140,7.5,30.0,0
90,0.0,10.0,0
140,21.4285714286,64.2857142857,0
141,60.0,90.0,0
140,0.0,0.0,0
140,40.0,70.0,0
140,13.6363636364,50.0,0
103,31.8181818182,47.7272727273,0
140,-12.5,20.0,0
140,22.5,42.5,0
100,25.0,50.0,0
140,0.0,63.3333333333,0
131,26.6666666667,36.6666666667,0
139,93.75,95.0,0
140,0.0,0.0,0
140,62.5,50.0,0
111,35.0,35.0,0
134,25.0,50.0,0
139,62.5,50.0,0
139,93.75,95.0,0
138,62.5,50.0,0
139,62.5,50.0,0
118,93.75,95.0,0
117,0.0,0.0,0
140,62.5,50.0,0
140,-1.25,22.9166666667,0
140,0.0,75.0,0
126,0.0,0.0,0
139,10.0,40.0,0
140,0.0,0.0,0
139,13.6363636364,50.0,0
142,30.0,45.0,0
118,25.0,50.0,0
139,-12.5,26.25,0
140,-10.0,42.5,0
105,50.0,50.0,0
140,5.35714285714,28.5714285714,0
72,40.0,100.0,0
136,-39.0625,50.0,0
142,0.0,0.0,0
140,0.0,0.0,0
140,0.0,0.0,0
140,0.0,0.0,0
135,25.0,50.0,0
140,0.0,0.0,0
120,0.0,0.0,0
140,35.0,45.0,0
140,0.0,0.0,0
140,0.0,0.0,0
92,16.6666666667,63.3333333333,0
140,25.0,25.0,0
140,18.4090909091,55.7386363636,0
67,0.0,0.0,0
144,13.6363636364,50.0,0
127,0.0,10.0,0
140,0.0,0.0,0
140,35.3571428571,51.0714285714,0
161,0.0,0.0,0
140,35.9090909091,63.8636363636,0
140,42.5,61.6666666667,0
140,0.0,0.0,0
140,0.0,40.0,0
140,0.0,40.0,0
140,-27.0833333333,83.3333333333,0
140,0.0,0.0,0
139,0.0,0.0,0
140,62.5,50.0,0
124,25.0,50.0,0
130,0.0,0.0,0
140,80.0,100.0,0
140,31.1931818182,73.75,0
132,0.0,10.0,0
115,0.0,0.0,0
112,0.0,30.0,0
120,30.0,45.0,0
130,10.0,40.0,0
139,0.0,0.0,0
139,93.75,95.0,0
140,93.75,95.0,0
138,62.5,50.0,0
140,0.0,0.0,0
140,13.6363636364,50.0,0
117,93.75,95.0,0
139,62.5,50.0,0
118,93.75,95.0,0
147,0.0,0.0,0
139,62.5,50.0,0
140,62.5,50.0,0
127,0.0,10.0,0
124,25.0,50.0,0
124,25.0,50.0,0
139,25.0,50.0,0
140,0.0,40.0,0
107,55.0,65.0,0
140,-50.0,100.0,0
123,0.0,12.5,0
140,21.4285714286,64.2857142857,0
135,25.0,50.0,0
140,0.0,0.0,0
140,26.7857142857,64.2857142857,0
140,-10.0,60.0,0
60,20.0,20.0,0
138,-62.5,100.0,0
140,0.0,0.0,0
140,0.0,0.0,0
140,0.0,0.0,0
140,33.3333333333,83.3333333333,0
140,100.0,100.0,0
140,22.5,42.5,0
140,-50.0,70.0,0
140,50.0,50.0,0
77,0.0,0.0,0
139,0.0,0.0,0
140,22.7272727273,54.5454545455,1
140,0.0,0.0,1
50,-40.0,40.0,1
147,12.5,10.0,1
140,40.0,62.5,1
146,8.61111111111,32.2222222222,1
144,0.0,0.0,1
140,0.0,0.0,1
139,0.0,0.0,1
139,0.0,0.0,1
117,0.0,0.0,1
140,0.0,0.0,1
143,-40.0,40.0,1
122,17.0454545455,50.0,1
115,0.0,0.0,1
140,62.5,50.0,1
144,52.5,73.3333333333,1
140,80.0,90.0,1
57,0.0,0.0,1
118,93.75,95.0,1
140,25.6565656566,62.9292929293,1
132,22.5,45.0,1
84,0.0,0.0,1
138,62.5,50.0,1
140,0.0,0.0,1
140,0.0,50.0,1
131,25.6565656566,62.9292929293,1
139,17.0454545455,45.4545454545,1
146,0.0,100.0,1
136,20.0,60.0,1
140,18.75,37.5,1
64,0.0,0.0,1
140,43.3333333333,83.3333333333,1
56,0.0,0.0,1
139,25.0,50.0,1
135,-40.0,40.0,1
140,-50.0,50.0,1
131,0.0,0.0,1
114,40.0,80.0,1
140,40.0,70.0,1
143,35.0,30.0,1
67,0.0,0.0,1
87,80.0,40.0,1
112,-10.0,40.0,1
140,-18.75,50.0,1
140,0.0,0.0,1
140,0.0,0.0,1
140,0.0,30.0,1
139,0.0,30.0,1
106,8.0,39.5,1
140,0.0,35.7142857143,1
140,35.7142857143,57.1428571429,1
137,12.5,54.1666666667,1
118,0.0,0.0,1
135,0.0,100.0,1
140,40.0,80.0,1
140,0.0,30.0,1
140,0.0,0.0,1
145,0.0,0.0,1
140,50.0,50.0,1
138,0.0,0.0,1
140,43.3333333333,83.3333333333,1
140,25.6565656566,62.9292929293,1
140,25.0,48.3333333333,1
128,0.0,0.0,1
132,64.1666666667,66.6666666667,1
140,16.8181818182,52.7272727273,1
140,30.0,100.0,1
139,0.0,100.0,1
140,-17.6666666667,55.5555555556,1
140,10.6534090909,25.0,1
139,25.0,50.0,1
141,0.0,8.33333333333,1
140,62.5,50.0,1
139,35.0,35.0,1
140,0.0,0.0,1
140,0.0,0.0,1
140,-3.33333333333,28.3333333333,1
113,0.0,0.0,1
124,0.0,0.0,1
94,0.0,0.0,1
117,93.75,95.0,1
118,93.75,95.0,1
139,93.75,95.0,1
137,-18.2291666667,52.0833333333,1
146,0.0,100.0,1
138,62.5,50.0,1
144,52.5,73.3333333333,1
140,62.5,50.0,1
140,25.6565656566,62.9292929293,1
59,18.75,75.0,1
141,-60.0,90.0,1
93,-10.0,60.0,1
118,93.75,95.0,1
140,0.0,0.0,1
50,0.0,0.0,1
141,-70.0,66.6666666667,1
50,0.0,0.0,1
140,13.6363636364,45.4545454545,1
140,0.0,50.0,1
139,0.0,0.0,1
140,-20.0,50.0,1
50,0.0,0.0,1
50,0.0,0.0,1
65,39.2045454545,52.2727272727,1
140,6.81818181818,28.9772727273,1
139,0.0,0.0,1
131,25.6565656566,62.9292929293,1
140,25.0,25.0,1
59,50.0,45.0,1
140,0.0,0.0,1
92,70.0,60.0,1
139,-16.6666666667,6.66666666667,1
131,25.6565656566,62.9292929293,1
112,-10.0,40.0,1
140,0.0,0.0,1
140,50.0,50.0,1
140,-18.75,50.0,1
137,0.0,0.0,1
140,25.6565656566,62.9292929293,1
147,62.5,50.0,1
89,0.0,0.0,1
131,25.6565656566,62.9292929293,1
140,0.0,0.0,1
140,-3.33333333333,65.2380952381,1
140,25.0,85.0,1
130,25.6565656566,62.9292929293,1
140,25.6565656566,62.9292929293,1
50,0.0,0.0,1
140,40.0,80.0,1
133,50.0,50.0,1
103,0.0,0.0,1
118,31.6666666667,48.3333333333,1
103,25.0,75.0,1
107,0.0,0.0,1
139,0.0,0.0,1
124,0.0,100.0,1
142,-1.66666666667,27.5,1
139,0.0,0.0,1
140,50.0,50.0,1
114,10.0,30.0,1
50,0.0,0.0,1
140,30.0,70.0,1
140,0.0,0.0,1
140,0.0,50.0,1
140,33.3333333333,50.0,1
139,62.5,50.0,1
140,0.0,0.0,1
44,-16.6666666667,33.3333333333,1
139,93.75,95.0,1
140,62.5,50.0,1
140,15.0,17.7777777778,1
138,62.5,50.0,1
139,0.0,0.0,1
140,0.0,0.0,1
140,13.6363636364,50.0,1
118,93.75,95.0,1
117,0.0,0.0,1
133,0.0,0.0,1
140,22.6515151515,58.5606060606,1
141,-70.0,66.6666666667,1
140,6.66666666667,13.3333333333,1
106,8.0,39.5,1
139,0.0,30.0,1
140,0.0,0.0,1
95,0.0,0.0,1
94,-25.0,25.0,1
140,21.4285714286,64.2857142857,1
140,50.0,50.0,1
144,50.0,90.0,1
140,36.6666666667,70.0,1
83,50.0,50.0,1
80,0.0,10.0,1
140,62.5,50.0,1
140,13.6363636364,50.0,1
140,-40.0,45.0,1
140,0.0,0.0,1
114,-15.0,40.0,1
88,17.0454545455,45.4545454545,1
141,40.0,80.0,1
140,-100.0,100.0,1
140,25.8333333333,55.8333333333,1
140,5.0,75.0,1
139,30.0,81.25,1
140,10.0,30.0,1
139,0.0,30.0,1
140,-15.5555555556,28.8888888889,1
140,33.3333333333,50.0,1
104,0.0,10.0,1
140,50.0,50.0,1
140,21.4285714286,64.2857142857,1
106,8.0,39.5,1
129,13.6363636364,45.4545454545,1
140,-25.0,55.0,1
140,0.0,0.0,1
140,31.6071428571,55.4761904762,1
140,80.0,40.0,1
140,0.0,0.0,1
131,0.0,0.0,1
122,25.0,56.25,1
140,0.0,10.0,1
140,13.6363636364,45.4545454545,1
140,0.0,25.0,1
140,35.7142857143,57.1428571429,1
140,0.0,10.0,1
140,13.6363636364,50.0,1
140,0.0,0.0,1
140,10.7142857143,57.1428571429,1
140,35.9090909091,63.8636363636,1
140,0.0,0.0,1
140,55.0,75.0,1
135,0.0,0.0,1
140,0.0,0.0,1
131,25.6565656566,62.9292929293,1
139,0.0,40.0,1
83,50.0,50.0,1
140,0.0,0.0,1
118,93.75,95.0,1
138,62.5,50.0,1
140,0.0,0.0,1
140,62.5,50.0,1
136,0.0,0.0,1
142,-1.66666666667,27.5,1
136,43.3333333333,83.3333333333,1
97,-10.0,60.0,1
139,13.6363636364,45.4545454545,1
140,17.0454545455,45.4545454545,1
139,62.5,50.0,1
130,25.6565656566,62.9292929293,1
102,25.0,50.0,1
118,93.75,95.0,1
117,0.0,0.0,1
133,25.6565656566,62.9292929293,1
139,-25.8333333333,35.8333333333,1
110,0.0,0.0,1
141,40.0,80.0,1
139,-50.0,100.0,1
112,-10.0,40.0,1
146,58.3333333333,56.6666666667,1
139,0.0,75.0,1
128,30.0,90.0,1
108,0.0,0.0,1
114,0.0,0.0,1
45,0.0,0.0,1
140,35.7142857143,57.1428571429,1
132,0.0,0.0,1
138,0.0,0.0,1
140,-31.25,68.75,1
140,0.0,62.5,1
136,50.0,50.0,1
140,0.0,33.3333333333,1
114,0.0,0.0,1
144,52.5,73.3333333333,1
140,0.0,0.0,1
112,0.0,0.0,1
139,0.0,0.0,1
140,6.66666666667,13.3333333333,1
140,20.0,20.0,1
140,18.75,37.5,1
140,0.0,5.0,1
140,6.81818181818,28.9772727273,1
144,50.0,90.0,1
140,-15.0,70.0,1
124,0.0,0.0,1
144,52.5,73.3333333333,1
140,35.7142857143,57.1428571429,1
140,0.0,0.0,1
140,-18.75,50.0,1
140,0.0,0.0,1
140,10.0,40.0,1
146,0.0,0.0,1
134,12.5,34.375,1
68,0.0,12.5,1
69,0.0,0.0,1
139,25.0,50.0,1
140,6.66666666667,13.3333333333,1
140,0.0,0.0,1
64,0.0,0.0,1
139,85.0,67.5,1
140,33.3333333333,50.0,1
140,15.0,42.5,1
140,25.0,25.0,1
140,35.7142857143,57.1428571429,1
139,6.25,50.0,1
39,0.0,0.0,1
140,70.0,60.0,1
78,-20.0,40.0,1
140,20.0,100.0,1
140,62.5,50.0,1
117,93.75,95.0,1
118,93.75,95.0,1
140,0.0,0.0,1
139,0.0,0.0,1
139,0.0,0.0,1
140,75.0,76.6666666667,1
127,-15.5555555556,28.8888888889,1
141,-70.0,66.6666666667,1
27,0.0,37.5,1
131,8.125,45.0,1
143,100.0,100.0,1
140,0.0,0.0,1
140,0.0,0.0,1
140,0.0,100.0,1
136,50.0,50.0,1
139,30.0,70.0,1
140,50.0,62.5,1
131,13.6363636364,45.4545454545,1
140,100.0,100.0,1
111,0.0,37.5,1
140,100.0,100.0,1
131,25.6565656566,62.9292929293,1
140,40.0,80.0,1
138,0.0,0.0,1
140,0.0,0.0,1
114,20.0,30.0,1
99,0.0,0.0,1
140,0.0,0.0,1
119,50.0,50.0,1
29,0.0,0.0,1
140,-3.33333333333,28.3333333333,1
140,62.5,50.0,1
132,0.0,0.0,1
140,0.0,0.0,1
140,0.0,0.0,1
140,50.0,50.0,1
125,30.0,10.0,1
74,0.0,0.0,1
140,0.0,10.0,1
140,0.0,0.0,1
73,0.0,12.5,1
99,100.0,30.0,1
123,0.0,0.0,1
74,0.0,12.5,1
136,13.6363636364,45.4545454545,1
121,0.0,0.0,1
140,0.0,0.0,1
140,0.0,0.0,1
140,35.7142857143,57.1428571429,1
143,17.8787878788,30.0,1
140,6.25,50.0,1
140,0.0,0.0,1
119,21.3068181818,45.4545454545,1
140,33.3333333333,50.0,1
141,0.0,21.25,1
140,0.0,75.0,1
118,0.0,0.0,1
134,78.125,60.0,1
139,0.0,0.0,1
140,0.0,12.5,1
140,17.1428571429,34.7619047619,1
140,4.72222222222,39.4444444444,1
83,14.8148148148,39.6296296296,1
106,0.0,0.0,1
140,2.42424242424,43.6363636364,1
140,30.0,10.0,1
104,0.0,10.0,1
129,13.6363636364,45.4545454545,1
144,75.0,95.0,1
144,10.2777777778,48.0555555556,1
140,-15.0,33.3333333333,1
135,33.3333333333,50.0,1
140,33.2,60.3,1
140,-15.0,40.0,1
140,40.0,40.0,1
140,40.0,80.0,1
140,6.81818181818,28.9772727273,1
140,40.0,40.0,1
140,80.0,75.0,1
140,37.3376623377,32.2564935065,1
139,-8.33333333333,14.5833333333,1
140,13.6363636364,45.4545454545,1
92,8.0,39.5,1
139,-31.25,68.75,1
139,40.0,40.0,1
139,33.3333333333,50.0,1
140,13.8888888889,16.6666666667,1
140,0.0,0.0,1
109,25.0,56.25,1
141,-12.5,25.0,1
139,-10.0,60.0,1
140,13.6363636364,45.4545454545,1
140,16.6666666667,66.6666666667,1
140,35.7142857143,57.1428571429,1
139,13.6363636364,45.4545454545,1
137,25.0,28.3333333333,1
140,43.3333333333,83.3333333333,1
139,16.8181818182,52.7272727273,1
143,53.3333333333,26.6666666667,1
104,0.0,10.0,1
132,50.0,50.0,1
142,-1.66666666667,27.5,1
147,80.0,90.0,1
137,0.0,12.5,1
140,0.0,30.0,1
143,0.0,0.0,1
140,0.0,40.0,1
140,40.0,63.3333333333,1
140,0.0,0.0,1
140,-18.75,50.0,1
140,0.0,35.7142857143,1
139,21.25,32.5,1
107,50.0,50.0,1
130,25.6565656566,62.9292929293,1
140,0.0,0.0,1
139,0.0,0.0,1
140,-15.0,42.5,1
140,-10.0,40.0,1
146,58.3333333333,56.6666666667,1
140,-31.25,68.75,1
139,0.0,100.0,1
140,0.0,0.0,1
140,-8.33333333333,14.5833333333,1
140,33.3333333333,50.0,1
139,17.7777777778,64.4444444444,1
146,13.6363636364,50.0,1
140,40.0,80.0,1
143,43.75,50.0,1
140,-50.0,70.0,1
140,0.0,0.0,1
140,0.0,0.0,1
73,0.0,0.0,1
140,6.81818181818,28.9772727273,1
83,50.0,50.0,1
140,35.5555555556,82.2222222222,1
131,25.6565656566,62.9292929293,1
45,0.0,0.0,1
132,0.0,0.0,1
140,56.25,50.0,1
140,-27.5,55.0,1
140,0.0,0.0,1
140,40.0,80.0,1
92,0.0,0.0,1
98,0.0,10.0,1
140,0.0,0.0,1
140,75.0,65.0,1
140,25.0,42.8571428571,1
136,50.0,50.0,1
57,0.0,0.0,1
140,33.3333333333,33.3333333333,1
140,0.0,0.0,1
139,0.0,0.0,1
111,32.3232323232,48.4848484848,1
143,0.0,0.0,1
144,52.5,73.3333333333,1
141,-60.0,90.0,1
143,19.0151515152,44.0404040404,1
140,-20.0,0.0,1
140,40.0,80.0,1
135,-25.0,41.25,1
140,35.0,55.0,1
140,43.3333333333,83.3333333333,1
123,0.0,0.0,1
139,-27.5,42.5,1
95,0.0,0.0,1
134,0.0,0.0,1
139,-16.6666666667,6.66666666667,1
85,0.0,12.5,1
140,-75.0,100.0,1
140,0.222222222222,41.4444444444,1
140,0.0,0.0,1
131,25.6565656566,62.9292929293,1
140,26.6666666667,36.6666666667,1
104,25.0,33.3333333333,1
132,25.6565656566,62.9292929293,1
140,57.8787878788,65.1515151515,1
130,25.6565656566,62.9292929293,1
140,16.6666666667,25.5952380952,1
83,50.0,50.0,1
146,0.0,0.0,1
136,13.6363636364,45.4545454545,1
81,20.0,20.0,1
140,40.0,80.0,1
144,17.0454545455,50.0,1
144,50.0,90.0,1
140,0.0,0.0,1
140,20.0,87.5,1
125,0.0,0.0,1
140,57.8787878788,65.1515151515,1
116,16.0,54.0,1
88,0.0,0.0,1
139,0.0,0.0,1
111,0.0,0.0,1
140,2.42424242424,43.6363636364,1
140,0.0,0.0,1
106,8.0,39.5,1
139,35.0,55.0,1
81,0.0,0.0,1
140,-31.25,68.75,1
140,10.0,20.0,1
140,49.0,52.0,1
140,0.0,0.0,1
140,80.0,75.0,1
104,0.0,10.0,1
140,0.0,0.0,1
140,0.0,0.0,1
101,25.0,50.0,1
140,12.5,50.0,1
140,35.0,35.0,1
92,16.6666666667,20.8333333333,1
140,0.0,0.0,1
115,0.0,0.0,1
140,50.0,50.0,1
104,50.0,50.0,1
78,0.0,0.0,1
70,60.0,80.0,1
140,0.0,35.7142857143,1
107,0.0,10.0,1
140,32.9166666667,33.3333333333,1
140,35.7142857143,57.1428571429,1
140,6.81818181818,35.2272727273,1
140,85.0,80.0,1
140,0.0,0.0,1
140,35.0,65.0,1
132,0.0,0.0,1
140,60.0,67.5,1
140,0.0,0.0,1
53,0.0,0.0,1
140,22.5,60.0,1
140,50.0,50.0,1
125,45.0,65.0,1
141,16.0,54.0,1
144,10.0,36.6666666667,1
140,8.75,23.75,1
136,0.0,0.0,1
139,35.0,35.0,1
133,25.0,33.3333333333,1
141,13.6363636364,45.4545454545,1
66,0.0,12.5,1
116,65.625,40.0,1
150,0.0,10.0,1
141,13.6363636364,45.4545454545,1
85,0.0,0.0,1
139,0.0,0.0,1
144,10.0,36.6666666667,1
100,20.0,20.0,1
130,35.0,65.0,1
140,0.0,0.0,1
140,-3.33333333333,53.3333333333,1
99,100.0,75.0,1
144,55.9090909091,77.6136363636,1
139,-80.0,90.0,1
140,0.0,50.0,1
139,20.0,50.0,1
139,50.0,90.0,1
139,0.0,0.0,1
145,0.0,100.0,1
140,0.0,0.0,1
140,0.0,0.0,1
140,0.0,0.0,1
140,50.0,50.0,1
140,0.0,0.0,1
106,0.0,0.0,1
142,0.0,0.0,1
139,21.4285714286,57.1428571429,1
144,10.0,36.6666666667,1
108,0.0,0.0,1
99,0.0,12.5,1
140,50.0,50.0,1
140,50.0,50.0,1
140,50.0,50.0,1
140,50.0,50.0,1
140,50.0,50.0,1
140,50.0,50.0,1
140,50.0,50.0,1
140,50.0,50.0,1
137,0.0,0.0,1
129,0.0,12.5,1
144,10.0,36.6666666667,1
139,0.0,0.0,1
146,0.0,0.0,1
140,50.0,80.0,1
99,0.0,0.0,1
125,6.66666666667,8.33333333333,1
125,0.0,0.0,1
140,-12.5,36.6666666667,1
140,50.0,50.0,1
122,0.0,65.0,1
145,0.0,12.5,1
132,0.0,0.0,1
140,40.0,90.0,1
140,60.0,82.5,1
140,16.6666666667,20.8333333333,1
113,0.0,10.0,1
140,100.0,30.0,1
139,60.0,82.5,1
140,-10.0,55.0,1
140,54.5454545455,64.7811447811,1
144,10.0,36.6666666667,1
140,0.0,0.0,1
132,25.0,25.0,1
140,80.0,40.0,1
127,0.0,10.0,1
87,6.81818181818,26.0606060606,1
129,0.0,0.0,1
140,33.3333333333,37.6666666667,1
127,0.0,10.0,1
139,-42.5,62.0833333333,1
44,0.0,0.0,1
140,0.0,0.0,1
144,10.0,36.6666666667,1
140,0.0,5.0,1
101,0.0,0.0,1
142,46.8181818182,42.7272727273,1
140,0.0,0.0,1
140,20.0,50.0,1
53,60.0,90.0,1
140,0.0,0.0,1
140,-10.9848484848,63.6363636364,1
139,50.0,50.0,1
82,-75.0,65.0,1
140,-50.0,70.0,1
140,0.0,37.5,1
140,-7.5,20.0,1
144,0.0,0.0,1
140,25.0,65.8333333333,1
144,10.0,36.6666666667,1
140,30.9090909091,44.8484848485,1
140,-15.0,30.0,1
140,0.0,0.0,1
144,10.0,36.6666666667,1
140,50.0,75.0,1
140,-10.0,60.0,1
37,0.0,0.0,1
140,10.0,20.0,1
127,18.75,68.75,1
139,0.0,0.0,1
103,25.0,75.0,1
141,13.6363636364,45.4545454545,1
82,0.0,0.0,1
140,31.25,33.3333333333,1
89,-7.77777777778,14.4444444444,1
140,40.0,80.0,1
140,13.6363636364,45.4545454545,1
140,0.0,100.0,1
139,0.0,0.0,1
140,0.0,75.0,1
135,0.0,0.0,1
144,10.0,36.6666666667,1
74,0.0,0.0,1
134,0.0,0.0,1
140,0.0,0.0,1
142,0.0,0.0,1
86,0.0,0.0,1
90,0.0,10.0,1
127,0.0,0.0,1
150,0.0,10.0,1
138,0.0,0.0,1
130,35.0,65.0,1
140,31.25,33.3333333333,1
62,0.0,0.0,1
140,0.0,0.0,1
140,0.0,0.0,1
150,0.0,10.0,1
144,10.0,36.6666666667,1
150,0.0,10.0,1
83,50.0,50.0,1
140,31.25,33.3333333333,1
144,0.0,0.0,1
140,2.5,42.5,1
142,25.0,50.0,1
140,0.0,0.0,1
140,0.0,30.0,1
140,6.81818181818,35.2272727273,1
140,35.0,65.0,1
140,25.0,25.0,1
140,50.0,50.0,1
140,0.0,0.0,1
140,-6.25,23.75,1
140,0.0,0.0,1
139,0.0,0.0,1
150,0.0,10.0,1
140,50.0,50.0,1
129,0.0,0.0,1
133,0.0,0.0,1
73,0.0,0.0,1
137,0.0,0.0,1
144,10.0,36.6666666667,1
140,0.0,0.0,1
140,1.25,95.0,1
112,-10.0,40.0,1
126,0.0,0.0,1
41,0.0,0.0,1
140,30.9090909091,44.8484848485,1
140,14.375,39.0178571429,1
84,0.0,0.0,1
107,0.0,0.0,1
140,-10.0,60.0,1
141,13.6363636364,45.4545454545,1
144,10.0,36.6666666667,1
140,0.0,100.0,1
144,80.0,75.0,1
148,25.0,58.3333333333,1
140,0.0,0.0,1
140,-16.6666666667,16.6666666667,1
140,10.7142857143,32.1428571429,1
140,0.0,0.0,1
143,0.0,0.0,1
140,50.0,50.0,1
40,-20.0,70.0,1
108,0.0,0.0,1
115,-7.77777777778,14.4444444444,1
135,0.0,0.0,1
139,13.3333333333,40.8333333333,1
108,0.0,0.0,1
140,50.0,50.0,1
140,50.0,50.0,1
140,50.0,50.0,1
140,50.0,50.0,1
140,50.0,50.0,1
140,50.0,50.0,1
140,50.0,50.0,1
140,50.0,50.0,1
123,-31.6666666667,30.0,1
144,10.0,36.6666666667,1
140,15.0,65.0,1
86,0.0,55.0,1
140,-6.25,23.75,1
68,0.0,0.0,1
140,20.0,30.0,1
143,100.0,100.0,1
140,4.54545454545,16.6666666667,1
29,0.0,0.0,1
73,0.0,0.0,1
133,15.0,45.0,1
140,2.5,42.5,1
140,0.0,0.0,1
139,15.0,30.0,1
140,-12.5,37.5,1
141,13.6363636364,45.4545454545,1
113,-6.66666666667,45.0,1
140,0.0,0.0,1
140,0.0,35.7142857143,1
142,46.8181818182,42.7272727273,1
140,50.0,50.0,1
103,0.0,0.0,1
135,0.0,0.0,1
122,100.0,30.0,1
140,5.0,65.0,1
140,12.5,79.6296296296,1
129,0.0,0.0,1
140,0.0,0.0,1
78,80.0,75.0,1
144,10.0,36.6666666667,1
140,-8.33333333333,3.33333333333,1
121,0.0,3.33333333333,1
144,10.0,36.6666666667,1
84,0.0,50.0,1
140,0.0,0.0,1
140,0.0,0.0,1
140,0.0,0.0,1
101,-6.25,23.75,1
140,0.0,0.0,1
82,100.0,100.0,1
139,45.0,75.0,1
140,50.0,50.0,1
140,0.0,0.0,1
129,-13.1818181818,42.7272727273,1
73,0.0,0.0,1
90,0.0,0.0,1
22,0.0,0.0,1
139,0.0,30.0,1
90,0.0,0.0,1
103,0.0,0.0,1
121,0.0,3.33333333333,1
140,50.0,50.0,1
140,50.0,50.0,1
140,50.0,50.0,1
140,50.0,50.0,1
140,50.0,50.0,1
140,50.0,50.0,1
140,50.0,50.0,1
140,50.0,50.0,1
140,50.0,50.0,1
132,0.0,0.0,1
144,10.0,36.6666666667,1
89,-7.77777777778,14.4444444444,1
140,20.0,76.6666666667,1
143,1.62337662338,16.0714285714,1
140,25.0,30.0,1
140,0.0,0.0,1
140,2.5,42.5,1
99,0.0,0.0,1
140,0.0,0.0,1
140,0.0,0.0,1
143,0.0,0.0,1
140,0.0,0.0,1
140,62.5,50.0,1
140,-50.0,70.0,1
144,10.0,36.6666666667,1
140,0.0,0.0,1
140,62.5,50.0,1
103,0.0,0.0,1
103,0.0,0.0,1
70,60.0,100.0,1
140,-7.5,20.0,1
140,30.9090909091,44.8484848485,1
126,-15.0,36.25,1
145,40.0,80.0,1
140,0.0,0.0,1
140,0.0,0.0,1
141,13.6363636364,45.4545454545,1
140,0.0,0.0,1
111,-20.0,40.0,1
140,11.2121212121,36.8181818182,1
140,33.3333333333,66.6666666667,1
132,0.0,0.0,1
144,0.0,0.0,1
140,30.9090909091,44.8484848485,1
140,35.0,43.3333333333,1
140,-12.0,47.0,1
140,30.9090909091,44.8484848485,1
129,0.0,0.0,1
125,70.0,60.0,1
140,25.0,31.25,1
140,25.0,85.0,1
140,25.0,85.0,1
140,0.0,0.0,1
140,0.0,0.0,1
140,0.0,35.7142857143,1
140,8.75,23.75,1
144,10.0,20.0,1
140,26.6666666667,43.3333333333,1
124,0.0,0.0,1
144,55.9090909091,77.6136363636,1
140,-12.0,47.0,1
132,0.0,0.0,1
119,13.6363636364,45.4545454545,1
139,0.0,0.0,1
111,0.0,0.0,1
140,0.0,0.0,1
140,-6.25,23.75,1
139,5.0,20.0,1
108,0.0,0.0,1
141,13.6363636364,45.4545454545,1
140,0.0,0.0,1
140,2.5,42.5,1
139,0.0,0.0,1
140,50.0,50.0,1
140,-12.5,37.5,1
140,13.6363636364,50.0,1
144,10.0,36.6666666667,1
140,50.0,90.0,1
140,0.0,0.0,1
31,0.0,0.0,1
140,0.0,0.0,1
115,3.70074341542e-15,45.5555555556,1
140,0.0,0.0,1
140,0.0,0.0,1
140,0.0,0.0,1
91,0.0,0.0,1
140,50.0,50.0,1
140,0.0,25.0,1
105,25.0,33.3333333333,1
132,0.0,0.0,1
128,0.0,100.0,1
140,50.0,100.0,1
144,10.0,36.6666666667,1
129,0.0,0.0,1
78,0.0,0.0,1
140,10.7142857143,32.1428571429,1
150,0.0,10.0,1
141,0.0,0.0,1
144,0.0,0.0,1
140,0.0,100.0,1
140,2.5,42.5,1
140,0.0,0.0,1
149,0.0,0.0,1
140,10.0,34.1666666667,1
140,0.0,0.0,1
140,21.4583333333,65.8333333333,1
140,0.0,0.0,1
38,0.0,0.0,1
140,0.0,0.0,1
100,0.0,0.0,1
140,0.0,0.0,1
140,62.5,50.0,1
144,10.0,36.6666666667,1
140,-12.5,31.25,1
126,50.0,50.0,1
140,50.0,50.0,1
144,10.0,36.6666666667,1
127,-6.25,23.75,1
93,-5.0,40.0,1
120,0.0,0.0,1
54,13.6363636364,50.0,1
133,17.0454545455,45.4545454545,1
140,50.0,75.0,1
140,0.0,0.0,1
140,0.0,0.0,1
140,0.0,0.0,1
135,25.0,30.0,1
136,0.0,10.0,1
140,-72.5,83.3333333333,1
140,0.0,0.0,1
90,0.0,0.0,1
136,0.0,0.0,1
140,50.0,90.0,1
139,-10.0,40.0,1
140,5.0,80.0,1
140,35.0,30.0,1
140,0.0,0.0,1
140,35.0,55.0,1
140,0.0,0.0,1
57,0.0,40.0,1
128,-72.5,83.3333333333,1
110,60.0,80.0,1
140,-13.3333333333,60.0,1
138,15.0,45.0,1
140,25.3333333333,55.5,1
140,0.0,0.0,1
140,0.0,0.0,1
116,0.0,0.0,1
140,0.0,0.0,1
144,-2.38095238095,38.0952380952,1
150,0.0,10.0,1
99,0.0,0.0,1
143,-30.0,40.0,1
135,50.0,50.0,1
144,10.0,36.6666666667,1
141,13.6363636364,45.4545454545,1
131,0.0,0.0,1
140,0.0,0.0,1
138,0.0,0.0,1
131,0.0,30.0,1
139,37.5,37.5,1
95,0.0,0.0,1
140,13.6363636364,45.4545454545,1
87,13.75,45.0,1
76,0.0,0.0,1
140,17.0454545455,50.0,1
140,0.0,0.0,1
131,0.0,40.0,1
140,9.72222222222,41.9444444444,1
126,0.0,0.0,1
132,0.0,2.22222222222,1
140,2.5,42.5,1
140,0.0,0.0,1
125,0.0,0.0,1
125,-15.5555555556,28.8888888889,1
94,0.0,100.0,1
124,0.0,100.0,1
140,75.0,67.5,1
140,0.0,0.0,1
118,31.8181818182,47.7272727273,1
140,80.0,90.0,1
125,45.0,80.0,1
80,0.0,0.0,1
140,5.0,12.1428571429,1
110,19.53125,100.0,1
143,40.0,30.0,1
140,0.0,0.0,1
142,80.0,40.0,1
133,0.0,0.0,1
109,25.0,85.0,1
149,0.0,0.0,1
134,50.0,90.0,1
140,0.0,0.0,1
147,62.5,50.0,1
120,0.0,0.0,1
140,30.9090909091,44.8484848485,1
144,10.0,36.6666666667,1
137,0.0,0.0,1
140,0.0,0.0,1
84,0.0,50.0,1
142,0.0,0.0,1
140,0.0,35.7142857143,1
94,0.0,0.0,1
117,0.0,0.0,1
140,100.0,100.0,1
142,0.0,0.0,1
140,0.0,0.0,1
140,16.6666666667,20.8333333333,1
140,-29.296875,50.0,1
140,0.0,0.0,1
93,0.0,0.0,1
139,-5.0,41.6666666667,1
140,13.3333333333,43.3333333333,1
142,0.0,0.0,1
120,0.0,0.0,1
141,75.0,75.0,1
78,0.0,0.0,1
85,-25.0,40.0,1
123,43.3333333333,83.3333333333,1
140,50.0,50.0,1
140,2.5,42.5,1
69,0.0,0.0,1
142,0.0,0.0,1
139,0.0,0.0,1
126,0.0,0.0,1
140,0.0,50.0,1
139,0.0,30.0,1
140,0.0,0.0,1
140,0.0,0.0,1
108,0.0,0.0,1
140,6.81818181818,35.2272727273,1
140,-12.5,31.25,1
140,35.0,35.0,1
140,-13.3333333333,60.0,1
140,0.0,0.0,1
134,25.0,25.0,1
140,0.0,0.0,0
140,0.0,0.0,0
140,37.5,20.0,0
140,5.0,50.0,0
112,0.0,0.0,0
140,-25.0,40.0,0
140,0.0,0.0,0
140,0.0,0.0,0
140,-1.61458333333,68.5416666667,0
139,31.8181818182,47.7272727273,0
140,23.3333333333,56.6666666667,0
140,-10.0,5.0,0
124,0.0,0.0,0
114,0.0,0.0,0
123,-7.5,20.0,0
140,19.5454545455,60.1515151515,0
139,0.0,0.0,0
146,0.0,100.0,0
134,0.0,0.0,0
140,0.0,0.0,0
140,62.5,50.0,0
88,0.0,40.0,0
140,46.875,75.0,0
140,50.0,50.0,0
139,10.0,30.0,0
139,34.2613636364,42.5,0
106,0.0,0.0,0
140,-3.33333333333,63.3333333333,0
147,0.0,0.0,0
106,0.0,0.0,0
140,50.0,15.0,0
140,50.0,15.0,0
144,45.0,75.0,0
140,13.6363636364,50.0,0
140,91.0,78.0,0
140,0.0,0.0,0
149,0.0,0.0,0
102,13.6363636364,50.0,0
139,34.2613636364,42.5,0
57,0.0,0.0,0
71,0.0,0.0,0
139,10.0,30.0,0
140,6.81818181818,35.2272727273,0
140,0.0,0.0,0
139,0.0,100.0,0
80,35.0,46.25,0
140,41.6666666667,71.6666666667,0
139,10.0,30.0,0
140,27.7777777778,66.9444444444,0
140,13.6363636364,50.0,0
53,0.0,0.0,0
140,37.5,75.0,0
140,60.0,90.0,0
140,-31.25,68.75,0
139,0.0,40.0,0
117,0.0,0.0,0
140,50.0,80.0,0
142,27.8787878788,47.5,0
140,13.6363636364,50.0,0
144,100.0,30.0,0
140,16.2121212121,66.8181818182,0
56,0.0,0.0,0
137,60.0,60.0,0
140,25.0,25.0,0
85,36.2121212121,60.1515151515,0
140,26.6666666667,36.6666666667,0
126,24.375,34.375,0
140,46.875,50.0,0
140,2.33333333333,73.3333333333,0
108,0.0,0.0,0
140,26.6666666667,20.0,0
140,0.0,35.7142857143,0
140,60.0,90.0,0
143,43.75,50.0,0
140,-10.0,5.0,0
139,4.54545454545,15.1515151515,0
139,10.0,30.0,0
140,0.0,0.0,0
144,75.0,95.0,0
119,40.0,80.0,0
144,17.0454545455,45.4545454545,0
140,0.0,0.0,0
138,0.0,0.0,0
132,0.0,0.0,0
140,60.0,80.0,0
140,30.6534090909,62.7272727273,0
137,62.5,50.0,0
143,100.0,100.0,0
140,6.81818181818,35.2272727273,0
70,0.0,0.0,0
65,-25.0,40.0,0
139,10.0,30.0,0
123,0.0,0.0,0
128,0.0,10.0,0
120,25.0,33.3333333333,0
126,-10.0,10.0,0
114,0.0,0.0,0
140,100.0,30.0,0
144,17.0454545455,45.4545454545,0
83,0.0,0.0,0
140,25.0,75.0,0
122,0.0,0.0,0
130,-23.1818181818,72.7272727273,0
140,0.0,8.33333333333,0
140,13.6363636364,50.0,0
142,0.0,0.0,0
140,0.0,0.0,0
96,25.0,33.3333333333,0
101,0.0,0.0,0
140,0.888888888889,46.8888888889,0
140,31.8181818182,47.7272727273,0
121,0.0,0.0,0
140,30.0,46.6666666667,0
129,30.0,20.0,0
140,0.0,0.0,0
109,24.375,34.375,0
150,0.0,10.0,0
132,0.0,0.0,0
150,0.0,10.0,0
140,12.5,50.0,0
106,0.0,0.0,0
139,0.0,0.0,0
133,0.0,0.0,0
137,58.0,42.0,0
144,-5.0,40.0,0
140,0.0,0.0,0
140,0.0,0.0,0
140,22.5,50.0,0
108,0.0,0.0,0
129,0.0,0.0,0
140,0.0,35.7142857143,0
140,0.0,0.0,0
140,13.6363636364,50.0,0
140,-75.0,100.0,0
140,0.0,0.0,0
140,6.81818181818,41.4772727273,0
140,0.0,0.0,0
140,0.0,66.6666666667,0
140,40.0,80.0,0
140,50.0,100.0,0
96,25.0,33.3333333333,0
140,6.81818181818,35.2272727273,0
141,0.0,0.0,0
140,0.0,45.0,0
139,10.0,30.0,0
59,35.0,46.25,0
140,31.25,27.5,0
108,0.0,0.0,0
140,13.6363636364,45.4545454545,0
137,13.0,47.0,0
140,-14.5833333333,32.0833333333,0
135,0.0,0.0,0
141,6.25,31.25,0
140,0.0,0.0,0
131,0.0,0.0,0
140,0.0,0.0,0
144,17.5,29.1666666667,0
140,13.6363636364,50.0,0
140,-71.4285714286,85.7142857143,0
140,0.0,25.0,0
139,0.0,10.0,0
80,0.0,0.0,0
139,-10.8333333333,32.5,0
139,25.0,33.3333333333,0
140,-13.3333333333,60.0,0
114,0.0,0.0,0
141,6.25,31.25,0
140,35.0,80.0,0
157,40.0,90.0,0
140,2.42424242424,43.6363636364,0
97,30.0,20.0,0
140,-29.1666666667,54.1666666667,0
140,40.0,50.0,0
57,0.0,0.0,0
144,-8.33333333333,3.33333333333,0
83,0.0,30.0,0
141,20.0,72.5,0
139,0.0,0.0,0
139,10.0,30.0,0
140,-10.0,5.0,0
150,0.0,10.0,0
140,62.5,50.0,0
109,0.0,0.0,0
139,-10.0,52.2222222222,0
140,0.0,0.0,0
105,0.0,5.0,0
140,6.81818181818,35.2272727273,0
140,-25.625,48.5416666667,0
90,0.0,0.0,0
140,0.0,12.5,0
140,35.8333333333,62.5,0
145,0.0,0.0,0
139,34.2613636364,42.5,0
51,-60.0,100.0,0
139,70.0,60.0,0
105,13.6363636364,50.0,0
140,0.0,6.25,0
138,25.0,25.0,0
140,13.6363636364,50.0,0
89,0.0,0.0,0
138,0.0,0.0,0
140,6.81818181818,35.2272727273,0
144,17.5,29.1666666667,0
140,17.2222222222,68.8888888889,0
140,37.8787878788,63.1515151515,0
139,30.0,65.0,0
109,10.0,100.0,0
144,0.0,0.0,0
140,15.0,15.0,0
140,26.6666666667,20.0,0
140,30.0,50.0,0
50,5.0,35.0,0
130,20.0,54.0,0
140,-2.5,20.0,0
140,13.6363636364,50.0,0
140,50.0,50.0,0
137,-71.4285714286,85.7142857143,0
133,0.0,0.0,0
139,0.0,0.0,0
139,50.0,62.5,0
140,-10.0,5.0,0
140,0.0,60.0,0
140,36.0,58.0,0
140,-10.0,52.2222222222,0
140,37.8787878788,63.1515151515,0
150,0.0,10.0,0
129,0.0,0.0,0
140,0.0,30.0,0
118,0.0,0.0,0
140,3.33333333333,6.66666666667,0
102,37.5,75.0,0
140,3.33333333333,6.66666666667,0
140,0.0,0.0,0
140,0.0,0.0,0
77,-60.0,100.0,0
102,0.0,0.0,0
144,0.0,0.0,0
139,4.54545454545,15.1515151515,0
139,13.6363636364,50.0,0
139,30.0,51.25,0
140,0.0,0.0,0
139,0.0,0.0,0
96,0.0,0.0,0
141,0.0,0.0,0
139,-75.0,100.0,0
96,25.0,33.3333333333,0
140,-10.0,5.0,0
140,0.0,0.0,0
140,17.5,36.6666666667,0
111,0.0,100.0,0
93,0.0,50.0,0
144,0.0,10.0,0
139,10.0,30.0,0
143,100.0,100.0,0
140,13.3333333333,33.3333333333,0
113,85.0,95.0,0
136,0.0,0.0,0
131,57.0,76.0,0
137,0.0,0.0,0
140,0.0,0.0,0
140,0.0,0.0,0
139,10.0,30.0,0
90,0.0,0.0,0
140,0.0,12.5,0
93,0.0,50.0,0
144,0.0,10.0,0
144,17.5,29.1666666667,0
29,0.0,0.0,0
140,17.5,36.6666666667,0
129,43.3333333333,83.3333333333,0
154,35.7142857143,53.5714285714,0
122,0.0,0.0,0
140,-28.5185185185,56.2962962963,0
140,0.0,0.0,0
140,2.33333333333,73.3333333333,0
140,0.0,37.5,0
107,0.0,25.0,0
139,50.0,50.0,0
24,0.0,0.0,0
140,0.0,0.0,0
120,17.0454545455,45.4545454545,0
140,17.5,36.6666666667,0
140,34.4444444444,38.8888888889,0
140,0.0,0.0,0
140,29.1666666667,50.0,0
139,34.2613636364,42.5,0
140,0.0,0.0,0
129,0.0,12.5,0
126,-1.14583333333,30.8333333333,0
140,0.0,0.0,0
140,25.0,33.3333333333,0
129,0.0,0.0,0
146,0.0,0.0,0
140,0.0,0.0,0
102,25.0,33.3333333333,0
123,0.0,0.0,0
139,10.0,30.0,0
140,0.0,0.0,0
140,-6.25,18.75,0
140,0.0,0.0,0
140,0.0,0.0,0
127,-3.33333333333,53.3333333333,0
110,0.0,0.0,0
140,50.0,100.0,0
140,40.0,60.0,0
138,20.0,35.0,0
140,50.0,15.0,0
126,0.0,0.0,0
126,0.0,0.0,0
140,6.81818181818,35.2272727273,0
125,0.0,0.0,0
140,30.0,50.0,0
126,16.6666666667,16.6666666667,0
140,0.0,50.0,0
139,25.0,50.0,0
119,0.0,0.0,0
140,-75.0,100.0,0
139,10.0,30.0,0
140,0.0,0.0,0
140,0.0,0.0,0
140,-2.5,27.5,0
140,0.0,0.0,0
142,0.0,50.0,0
140,0.0,20.0,0
144,50.0,90.0,0
120,0.0,0.0,0
111,73.3333333333,73.3333333333,0
139,10.0,30.0,0
144,17.5,29.1666666667,0
140,0.0,0.0,0
104,0.0,0.0,0
140,13.6363636364,50.0,0
140,0.0,50.0,0
93,0.0,0.0,0
140,10.0,30.0,0
88,0.0,0.0,0
141,6.25,31.25,0
106,0.0,0.0,0
118,50.0,40.0,0
139,34.2613636364,42.5,0
140,0.0,0.0,0
138,21.4285714286,64.2857142857,0
125,6.66666666667,8.33333333333,0
68,0.0,100.0,0
140,71.25,68.75,0
140,6.81818181818,28.3333333333,0
140,0.0,0.0,0
71,-2.77777777778,24.4444444444,0
93,0.0,0.0,0
140,0.0,52.2222222222,0
125,0.0,0.0,0
52,-60.0,100.0,0
125,6.66666666667,8.33333333333,0
142,0.0,0.0,0
140,37.5,20.0,0
136,50.0,50.0,0
135,0.0,0.0,0
137,13.6363636364,45.4545454545,0
107,0.0,25.0,0
140,13.6363636364,50.0,0
136,25.0,25.0,0
150,0.0,10.0,0
140,-10.0,5.0,0
140,2.33333333333,73.3333333333,0
140,13.6363636364,50.0,0
139,0.0,100.0,0
140,-13.3333333333,60.0,0
130,60.0,80.0,0
139,0.0,0.0,0
139,0.0,100.0,0
137,13.6363636364,45.4545454545,0
108,0.0,0.0,0
73,10.0,30.0,0
140,0.0,0.0,0
140,-75.0,100.0,0
140,13.6363636364,50.0,0
126,5.0,20.0,0
116,5.0,0.0,0
140,0.0,0.0,0
140,17.5,36.6666666667,0
140,0.0,0.0,0
140,17.5,36.6666666667,0
64,50.0,60.0,0
89,0.0,100.0,0
140,13.6363636364,50.0,0
140,0.0,0.0,0
140,7.14285714286,56.1507936508,0
140,-75.0,100.0,0
140,-75.0,100.0,0
140,17.5,36.6666666667,0
140,17.5,36.6666666667,0
140,50.0,75.0,0
140,2.33333333333,73.3333333333,0
96,0.0,100.0,0
140,-28.5185185185,56.2962962963,0
140,-10.0,5.0,0
109,0.0,0.0,0
139,21.4285714286,42.8571428571,0
140,13.6363636364,50.0,0
140,17.5,36.6666666667,0
108,0.0,0.0,0
140,17.5,36.6666666667,0
103,6.81818181818,28.9772727273,0
140,0.0,26.25,0
140,0.0,75.0,0
140,6.81818181818,41.4772727273,0
140,17.5,36.6666666667,0
140,17.5,36.6666666667,0
121,0.0,0.0,0
150,0.0,10.0,0
140,50.0,15.0,0
140,13.6363636364,50.0,0
139,0.0,0.0,0
140,-12.5,37.5,0
140,50.0,75.0,0
145,0.0,0.0,0
140,0.0,0.0,0
140,1.11111111111,2.22222222222,0
140,-50.0,100.0,0
140,13.6363636364,50.0,0
140,0.0,100.0,0
139,14.2857142857,69.5238095238,0
69,0.0,0.0,0
140,21.4285714286,64.2857142857,0
140,0.0,0.0,0
138,15.0,45.0,0
140,6.81818181818,41.4772727273,0
66,0.0,0.0,0
77,0.0,0.0,0
140,28.5227272727,65.0,0
139,0.0,0.0,0
140,13.6363636364,50.0,0
67,0.0,0.0,0
140,17.5,36.6666666667,0
84,-19.4444444444,28.8888888889,0
141,0.0,0.0,0
139,25.0,50.0,0
103,20.0,30.0,0
140,6.81818181818,35.2272727273,0
148,0.0,0.0,0
140,0.0,0.0,0
140,0.0,100.0,0
139,-75.0,100.0,0
33,0.0,0.0,0
122,0.0,0.0,0
136,30.0,20.0,0
132,0.0,0.0,0
142,27.8787878788,47.5,0
144,17.5,29.1666666667,0
140,8.33333333333,26.6666666667,0
140,25.0,50.0,0
140,-10.0,26.6666666667,0
140,-10.0,5.0,0
140,8.33333333333,11.1111111111,0
41,0.0,0.0,0
134,0.0,0.0,0
140,35.7142857143,57.1428571429,0
140,17.5,47.5,0
140,10.0,30.0,0
140,13.6363636364,50.0,0
140,0.0,0.0,0
112,0.0,0.0,0
140,25.0,30.0,0
140,0.0,12.5,0
140,13.6363636364,50.0,0
140,37.5,75.0,0
139,40.0,80.0,0
140,0.0,30.0,0
108,0.0,0.0,0
138,0.0,0.0,0
140,26.6666666667,20.0,0
124,0.0,63.3333333333,0
150,0.0,10.0,0
140,-10.0,5.0,0
140,15.625,22.9166666667,0
150,0.0,10.0,0
140,0.0,0.0,0
134,0.0,0.0,0
125,0.0,0.0,0
136,0.0,0.0,0
119,13.6363636364,45.4545454545,0
140,-20.0,40.0,0
140,50.0,100.0,0
140,13.6363636364,50.0,0
121,0.0,0.0,0
134,20.0,20.0,0
130,0.0,0.0,0
132,0.0,0.0,0
131,0.0,0.0,0
88,0.0,0.0,0
137,-15.0,40.0,0
109,-2.5,25.0,0
138,0.0,0.0,0
140,25.0,48.75,0
140,-28.5185185185,56.2962962963,0
125,25.0,33.3333333333,0
137,0.0,0.0,0
76,0.0,0.0,0
142,0.0,0.0,0
108,0.0,0.0,0
140,50.0,50.0,1
123,40.0,100.0,1
140,0.0,0.0,1
117,0.0,0.0,1
131,0.0,0.0,1
85,0.0,0.0,1
139,0.0,0.0,1
112,-25.0,100.0,1
117,0.0,0.0,1
140,0.0,0.0,1
119,0.0,0.0,1
129,0.0,28.3333333333,1
124,0.0,0.0,1
118,3.125,30.0,1
138,93.75,95.0,1
139,50.0,80.0,1
134,0.0,0.0,1
121,0.0,0.0,1
121,0.0,0.0,1
128,0.0,0.0,1
140,50.0,50.0,1
121,0.0,0.0,1
140,37.5,100.0,1
129,0.0,0.0,1
140,30.0,10.0,1
140,62.5,50.0,1
129,0.0,0.0,1
119,0.0,0.0,1
90,0.0,6.66666666667,1
129,0.0,0.0,1
140,-75.0,100.0,1
140,-15.6018518519,40.8796296296,1
49,0.0,0.0,1
140,0.0,0.0,1
140,20.0,20.0,1
139,50.0,50.0,1
140,11.6233766234,28.0600649351,1
140,0.0,0.0,1
139,0.0,0.0,1
140,22.3232323232,47.7777777778,1
140,0.0,0.0,1
140,20.0,80.0,1
140,0.0,0.0,1
117,93.75,95.0,1
140,25.0,45.0,1
80,0.0,0.0,1
140,50.0,50.0,1
144,33.3333333333,50.0,1
140,0.0,0.0,1
33,80.0,70.0,1
144,35.5555555556,61.1111111111,1
98,20.0,40.0,1
144,33.3333333333,50.0,1
140,7.5,40.0,1
140,16.8181818182,37.7272727273,1
141,-10.0,15.5555555556,1
140,12.3055555556,45.4444444444,1
76,35.7142857143,53.5714285714,1
129,0.0,0.0,1
140,0.0,0.0,1
136,1.11111111111,48.8888888889,1
140,50.0,50.0,1
76,0.0,0.0,1
139,43.75,75.0,1
141,-10.0,15.5555555556,1
119,0.0,0.0,1
141,-10.0,15.5555555556,1
139,0.0,0.0,1
82,0.0,0.0,1
140,8.33333333333,46.6666666667,1
112,18.75,45.0,1
109,30.0,10.0,1
7,0.0,0.0,1
140,10.0,38.3333333333,1
140,0.0,0.0,1
97,0.0,0.0,1
141,13.6363636364,45.4545454545,1
140,30.0,10.0,1
140,14.2857142857,76.1904761905,1
140,50.0,67.8571428571,1
127,13.6363636364,50.0,1
144,0.0,0.0,1
137,0.0,0.0,1
140,0.0,0.0,1
140,0.0,0.0,1
57,0.0,0.0,1
140,0.0,6.66666666667,1
125,0.0,0.0,1
121,0.0,0.0,1
72,0.0,0.0,1
105,0.0,0.0,1
88,0.0,40.0,1
140,60.0,100.0,1
139,0.0,0.0,1
140,0.0,0.0,1
140,-11.25,38.75,1
140,-12.5,37.5,1
140,14.6590909091,35.7386363636,1
140,0.0,0.0,1
99,0.0,0.0,1
140,-8.88888888889,38.8888888889,1
140,0.0,0.0,1
140,0.0,0.0,1
140,50.0,66.6666666667,1
140,0.0,0.0,1
125,0.0,0.0,1
109,25.0,50.0,1
140,30.0,10.0,1
118,93.75,95.0,1
119,0.0,0.0,1
140,37.7777777778,71.1111111111,1
141,0.0,0.0,1
139,26.6666666667,75.5555555556,1
139,0.0,50.0,1
122,0.0,0.0,1
140,0.0,8.33333333333,1
140,0.0,0.0,1
140,0.0,0.0,1
110,0.0,35.0,1
141,0.0,0.0,1
140,35.6534090909,72.7272727273,1
140,0.0,10.0,1
144,-15.0,45.0,1
116,0.0,0.0,1
125,-20.0,80.0,1
139,50.0,50.0,1
140,50.0,70.0,1
140,93.75,95.0,1
139,0.0,50.0,1
54,-15.5555555556,28.8888888889,1
143,0.0,50.0,1
140,7.1875,79.6875,1
121,0.0,0.0,1
97,0.0,0.0,1
140,35.0,55.0,1
140,25.0,75.0,1
141,-10.0,15.5555555556,1
130,-10.0,10.0,1
139,43.3333333333,83.3333333333,1
140,30.0,10.0,1
140,7.1875,79.6875,1
41,0.0,0.0,1
139,-15.5555555556,28.8888888889,1
140,0.0,25.0,1
140,0.0,0.0,1
114,10.0,5.0,1
140,0.0,40.0,1
121,0.0,0.0,1
128,0.0,0.0,1
139,45.0,55.0,1
140,25.0,25.0,1
121,0.0,0.0,1
140,-12.5,75.0,1
141,2.22222222222,24.4444444444,1
140,0.0,0.0,1
142,0.0,0.0,1
137,0.0,0.0,1
140,20.0,30.0,1
140,25.0,51.6666666667,1
141,-10.0,15.5555555556,1
141,-10.0,15.5555555556,1
118,4.16666666667,40.8333333333,1
140,0.0,0.0,1
140,20.0,25.0,1
101,0.0,0.0,1
140,20.8333333333,33.3333333333,1
140,0.0,25.0,1
140,60.0,100.0,1
121,0.0,0.0,1
140,66.6666666667,43.3333333333,1
113,6.81818181818,30.0,1
81,0.0,0.0,1
141,0.0,0.0,1
140,62.5,50.0,1
140,0.0,0.0,1
129,-25.0,100.0,1
89,-8.78787878788,41.8181818182,1
121,21.4285714286,64.2857142857,1
140,26.8181818182,72.7272727273,1
140,0.0,0.0,1
83,0.0,0.0,1
56,0.0,0.0,1
123,0.0,0.0,1
126,0.0,0.0,1
141,13.6363636364,45.4545454545,1
129,0.0,0.0,1
140,11.0,71.0,1
64,0.0,0.0,1
120,0.0,0.0,1
140,0.0,0.0,1
140,37.5,41.6666666667,1
140,0.0,100.0,1
141,0.0,0.0,1
108,-25.0,50.0,1
140,13.3333333333,6.66666666667,1
85,60.0,100.0,1
140,37.5,75.0,1
123,0.0,0.0,1
139,0.0,0.0,1
123,0.0,0.0,1
140,100.0,30.0,1
125,-10.0,15.5555555556,1
75,0.0,0.0,1
140,-25.0,25.0,1
118,-30.0,40.0,1
140,0.0,0.0,1
44,-33.3333333333,100.0,1
118,0.0,0.0,1
139,-20.0,0.0,1
139,-30.0,40.0,1
140,-25.0,25.0,1
140,30.0,10.0,1
52,0.0,100.0,1
130,2.08333333333,54.1666666667,1
140,28.125,50.0,1
141,30.3267045455,57.5,1
144,0.0,0.0,1
144,0.0,0.0,1
140,-5.18518518519,11.8518518519,1
140,12.5,31.3888888889,1
140,12.5,31.3888888889,1
139,0.0,50.0,1
139,0.0,0.0,1
92,0.0,0.0,1
140,37.7777777778,71.1111111111,1
140,0.0,0.0,1
140,30.0,41.25,1
120,0.0,0.0,1
124,18.6111111111,47.2222222222,1
140,0.0,0.0,1
140,62.5,50.0,1
110,0.0,0.0,1
140,12.5,31.3888888889,1
94,0.0,0.0,1
140,10.0,30.0,1
53,-29.1666666667,54.1666666667,1
130,0.0,35.0,1
127,0.0,100.0,1
67,-7.77777777778,17.7777777778,1
140,3.125,31.25,1
140,50.0,50.0,1
140,70.0,60.0,1
140,0.0,0.0,1
100,0.0,0.0,1
136,0.0,0.0,1
140,-12.5,75.0,1
124,0.0,35.0,1
140,14.375,39.0178571429,1
141,0.0,0.0,1
140,13.8095238095,34.7619047619,1
140,4.16666666667,23.6111111111,1
140,10.7142857143,32.1428571429,1
64,0.0,0.0,1
140,0.0,0.0,1
135,35.0,55.0,1
140,0.0,0.0,1
126,-12.5,37.5,1
140,0.0,0.0,1
118,0.0,0.0,1
136,0.0,0.0,1
146,17.0454545455,50.0,1
115,0.0,0.0,1
144,33.3333333333,50.0,1
140,0.0,0.0,1
140,20.0,10.0,1
110,10.0,5.0,1
119,0.0,0.0,1
124,0.0,0.0,1
57,0.0,100.0,1
92,13.6363636364,45.4545454545,1
89,0.0,0.0,1
141,17.8733766234,43.2683982684,1
140,0.0,0.0,1
123,0.0,0.0,1
140,0.0,0.0,1
140,31.25,33.3333333333,1
137,8.92857142857,23.8095238095,1
140,22.0833333333,83.3333333333,1
140,-12.5,37.5,1
140,7.1875,79.6875,1
138,0.0,40.0,1
132,50.0,50.0,1
140,9.25,44.0,1
128,0.0,10.0,1
138,62.5,50.0,1
83,0.0,0.0,1
109,0.0,35.0,1
123,-75.0,75.0,1
139,36.6666666667,43.3333333333,1
94,0.0,0.0,1
109,0.0,35.0,1
139,93.75,95.0,1
135,0.0,0.0,1
140,62.5,50.0,1
140,26.0,50.0,1
140,80.0,100.0,1
140,9.16666666667,45.8333333333,1
133,21.6666666667,42.9166666667,1
140,3.33333333333,23.3333333333,1
140,5.55555555556,36.6666666667,1
140,50.0,50.0,1
105,0.0,0.0,1
140,37.5,50.0,1
52,0.0,0.0,1
139,50.0,50.0,1
140,0.0,0.0,1
140,31.2121212121,48.4848484848,1
97,0.0,100.0,1
139,0.0,0.0,1
140,6.81818181818,35.2272727273,1
139,0.0,0.0,1
140,0.0,0.0,1
87,0.0,0.0,1
136,-50.0,100.0,1
140,20.0,43.3333333333,1
144,33.3333333333,50.0,1
113,0.0,0.0,1
140,25.0,33.3333333333,1
130,2.08333333333,54.1666666667,1
140,50.0,50.0,1
140,14.8148148148,39.6296296296,1
139,47.1428571429,68.0952380952,1
140,-12.5,75.0,1
144,50.0,50.0,1
140,0.0,30.0,1
134,21.4285714286,64.2857142857,1
140,0.0,0.0,1
140,40.0,70.0,1
140,23.75,46.25,1
140,0.0,65.0,1
140,0.0,6.66666666667,1
46,0.0,0.0,1
140,13.6363636364,45.4545454545,1
140,0.0,0.0,1
130,56.25,50.0,1
134,0.0,0.0,1
140,25.0,25.0,1
144,33.3333333333,50.0,1
140,0.0,100.0,1
140,0.0,100.0,1
68,40.0,80.0,1
140,0.0,0.0,1
140,0.0,0.0,1
140,25.0,33.3333333333,1
101,55.0,70.0,1
140,13.6363636364,45.4545454545,1
140,-8.88888888889,38.8888888889,1
133,0.0,0.0,1
130,0.0,0.0,1
139,0.0,0.0,1
138,15.0,45.0,1
124,0.0,0.0,1
134,0.0,0.0,1
124,0.0,0.0,1
140,0.0,0.0,1
133,0.0,0.0,1
134,0.0,0.0,1
140,0.0,0.0,1
140,0.0,0.0,1
135,0.0,0.0,1
140,33.3333333333,53.3333333333,1
133,0.0,0.0,1
97,0.0,0.0,1
139,0.0,0.0,1
139,0.0,0.0,1
139,0.0,0.0,1
135,0.0,0.0,1
133,0.0,0.0,1
140,0.0,0.0,1
140,0.0,0.0,1
140,20.0,60.0,1
99,0.0,0.0,1
136,0.0,0.0,1
140,62.5,50.0,1
140,13.6363636364,50.0,1
134,0.0,0.0,1
136,0.0,0.0,1
132,0.0,0.0,1
134,0.0,0.0,1
122,0.0,0.0,1
139,-8.125,49.375,1
137,0.0,0.0,1
140,7.1875,79.6875,1
137,0.0,0.0,1
117,0.0,0.0,1
134,0.0,0.0,1
139,0.0,0.0,1
134,0.0,0.0,1
140,-7.08333333333,89.5833333333,1
137,0.0,0.0,1
140,6.81818181818,35.2272727273,1
140,0.0,0.0,1
107,10.0,0.0,1
139,0.0,0.0,1
139,0.0,0.0,1
136,0.0,0.0,1
138,-21.25,38.75,1
139,62.5,50.0,1
134,0.0,0.0,1
125,0.0,0.0,1
140,0.0,0.0,1
140,35.0,32.5,1
140,0.0,0.0,1
140,0.0,0.0,1
139,93.75,95.0,1
136,0.0,0.0,1
128,-80.0,90.0,1
120,-80.0,90.0,1
123,-80.0,90.0,1
140,0.0,0.0,1
118,-80.0,90.0,1
134,0.0,0.0,1
140,45.0,52.5,1
136,0.0,0.0,1
134,0.0,0.0,1
123,-80.0,90.0,1
134,0.0,0.0,1
140,20.0,28.8888888889,1
140,0.0,0.0,1
134,0.0,0.0,1
140,0.0,0.0,1
140,0.0,0.0,1
140,0.0,0.0,1
140,0.0,0.0,1
140,50.0,50.0,1
118,93.75,95.0,1
139,40.0,65.0,1
140,0.0,0.0,1
64,0.0,0.0,1
117,0.0,0.0,1
111,0.0,33.3333333333,1
106,0.0,0.0,1
118,93.75,95.0,1
127,80.0,70.0,1
140,41.6666666667,28.3333333333,1
142,46.8181818182,60.2272727273,1
140,25.0,25.0,1
123,0.0,0.0,1
140,32.8571428571,47.8571428571,1
76,0.0,0.0,1
143,0.0,25.0,1
140,0.0,100.0,1
130,0.0,0.0,1
140,13.6363636364,50.0,1
140,33.5227272727,70.0,1
140,2.33333333333,73.3333333333,1
140,-7.77777777778,64.4444444444,1
138,20.0,10.0,1
140,0.0,0.0,1
138,37.5,47.5,1
67,0.0,0.0,1
136,50.0,50.0,1
140,23.75,46.25,1
107,25.0,50.0,1
127,80.0,70.0,1
149,0.0,0.0,1
68,40.0,80.0,1
65,87.5,60.0,1
114,27.8571428571,53.7857142857,1
140,40.0,80.0,1
140,0.0,0.0,1
130,55.0,70.0,1
140,13.6363636364,45.4545454545,1
140,25.8333333333,58.0555555556,1
93,0.0,0.0,1
128,0.0,0.0,1
140,50.0,50.0,1
140,50.0,50.0,1
140,43.75,50.0,1
139,0.0,50.0,1
97,50.0,50.0,1
136,0.0,0.0,1
116,37.5,10.0,1
138,0.0,0.0,1
137,50.0,50.0,1
140,80.0,75.0,1
140,0.0,0.0,1
140,40.0,50.0,1
140,0.0,0.0,1
119,0.0,0.0,1
78,0.0,0.0,1
140,7.1875,79.6875,1
122,0.0,0.0,1
110,50.0,50.0,1
138,25.0,45.0,1
140,40.0,80.0,1
140,37.7777777778,71.1111111111,1
139,25.0,41.6666666667,1
140,-12.5,75.0,1
88,0.0,0.0,1
131,-50.0,100.0,1
135,20.0,73.3333333333,1
141,15.0,0.0,1
122,0.0,0.0,1
121,0.0,33.3333333333,1
139,0.0,0.0,1
108,0.0,0.0,1
140,33.3333333333,58.8888888889,1
132,0.0,62.5,1
108,-10.0,20.0,1
