135,0.0,0.0,0
138,0.0,0.0,0
140,0.0,0.0,0
36,0.0,0.0,0
146,0.0,0.0,0
119,0.0,0.0,0
93,0.0,0.0,0
140,0.0,50.0,0
140,-7.5,25.0,0
141,0.0,100.0,0
83,0.0,0.0,0
146,0.0,0.0,0
139,0.0,100.0,0
141,0.0,100.0,0
124,-7.5,25.0,0
141,0.0,100.0,0
142,0.0,100.0,0
140,0.0,0.0,0
103,-30.0,40.0,0
146,0.0,0.0,0
139,36.6666666667,50.0,0
131,0.0,40.0,0
140,0.0,0.0,0
121,0.0,0.0,0
139,63.3333333333,71.6666666667,0
145,0.0,0.0,0
143,40.0,80.0,0
143,40.0,80.0,0
131,36.6666666667,50.0,0
98,0.0,0.0,0
138,-20.0,20.0,0
111,0.0,40.0,0
119,0.0,0.0,0
83,0.0,12.5,0
99,0.0,0.0,0
135,0.0,0.0,0
132,0.0,0.0,0
119,0.0,0.0,0
94,0.0,0.0,0
135,-25.0,41.25,0
108,0.0,66.6666666667,0
141,0.0,0.0,0
132,100.0,30.0,0
142,-25.0,40.0,0
92,0.0,66.6666666667,0
146,0.0,0.0,0
131,0.0,40.0,0
106,50.0,15.0,0
145,0.0,0.0,0
111,0.0,40.0,0
144,50.0,65.0,0
135,0.0,0.0,0
144,50.0,65.0,0
43,-40.0,40.0,0
114,0.0,0.0,0
93,30.0,10.0,0
142,50.0,65.0,0
73,0.0,0.0,0
146,0.0,0.0,0
144,50.0,65.0,0
140,0.0,0.0,0
135,0.0,0.0,0
140,0.0,0.0,0
130,0.0,40.0,0
149,0.0,0.0,0
110,0.0,40.0,0
140,0.0,0.0,0
137,6.25,57.5,0
135,0.0,0.0,0
139,-40.0,40.0,0
59,-75.0,100.0,0
146,25.0,90.0,0
140,0.0,10.0,0
150,0.0,0.0,0
140,0.0,10.0,0
150,0.0,0.0,0
130,0.0,40.0,0
146,0.0,0.0,0
81,0.0,0.0,0
134,0.0,0.0,0
110,0.0,40.0,0
140,0.0,0.0,0
140,0.0,0.0,0
129,0.0,0.0,0
117,0.0,61.0416666667,0
118,75.0,95.0,0
146,43.3333333333,83.3333333333,0
140,0.0,0.0,0
140,0.0,0.0,0
135,0.0,0.0,0
146,0.0,0.0,0
96,75.0,95.0,0
97,0.0,61.0416666667,0
98,75.0,95.0,0
92,75.0,95.0,0
146,0.0,0.0,0
83,0.0,0.0,0
140,0.0,0.0,0
138,0.0,0.0,0
146,0.0,0.0,0
146,0.0,0.0,0
140,62.5,100.0,0
145,0.0,0.0,0
140,10.0,65.0,0
135,0.0,0.0,0
130,0.0,40.0,0
149,13.6363636364,45.4545454545,0
140,18.75,43.75,0
110,0.0,40.0,0
140,37.2222222222,57.7777777778,0
114,0.0,0.0,0
71,0.0,0.0,0
120,0.0,0.0,0
122,37.2222222222,57.7777777778,0
140,35.5555555556,54.4444444444,0
136,0.0,0.0,0
140,0.0,10.0,0
146,0.0,0.0,0
140,18.75,43.75,0
130,0.0,40.0,0
140,18.75,43.75,0
135,18.75,43.75,0
142,0.0,0.0,0
110,0.0,40.0,0
140,63.5416666667,86.6666666667,0
70,0.0,0.0,0
54,0.0,0.0,0
121,21.2121212121,65.1515151515,0
140,16.0,54.0,0
89,0.0,40.0,0
118,0.0,0.0,0
135,0.0,0.0,0
140,16.6666666667,76.6666666667,0
140,0.0,50.0,0
64,100.0,30.0,0
71,0.0,40.0,0
130,16.0,54.0,0
140,0.0,0.0,0
146,100.0,30.0,0
46,100.0,30.0,0
43,0.0,0.0,0
140,62.5,100.0,0
128,0.0,0.0,0
127,50.0,50.0,0
131,0.0,40.0,0
107,50.0,50.0,0
108,43.3333333333,83.3333333333,0
108,43.3333333333,83.3333333333,0
112,43.3333333333,83.3333333333,0
108,43.3333333333,83.3333333333,0
111,0.0,40.0,0
140,16.0,54.0,0
140,0.0,0.0,0
34,0.0,0.0,0
145,0.0,0.0,0
140,39.5238095238,67.8571428571,0
140,39.5238095238,67.8571428571,0
146,0.0,0.0,0
19,0.0,0.0,0
140,39.5238095238,67.8571428571,0
131,0.0,40.0,0
149,70.0,90.0,0
135,0.0,0.0,0
142,70.0,90.0,0
140,-40.0,40.0,0
91,0.0,0.0,0
145,0.0,0.0,0
146,100.0,30.0,0
139,-40.0,40.0,0
71,0.0,0.0,0
145,0.0,0.0,0
131,0.0,40.0,0
150,0.0,0.0,0
147,0.0,0.0,0
111,0.0,40.0,0
83,0.0,0.0,0
140,0.0,50.0,0
121,0.0,0.0,0
146,0.0,0.0,0
135,0.0,0.0,0
146,43.3333333333,83.3333333333,0
145,43.3333333333,83.3333333333,0
49,0.0,0.0,0
77,15.0,55.0,0
131,0.0,40.0,0
140,62.5,100.0,0
146,0.0,0.0,0
131,0.0,0.0,0
146,100.0,30.0,0
111,0.0,40.0,0
145,0.0,0.0,0
140,0.0,14.2857142857,0
110,68.75,52.5,0
128,0.0,0.0,0
140,-40.0,40.0,0
138,0.0,0.0,0
146,0.0,0.0,0
85,0.0,0.0,0
93,0.0,0.0,0
130,0.0,40.0,0
117,40.0,80.0,0
108,43.3333333333,83.3333333333,0
65,0.0,0.0,0
73,0.0,0.0,0
134,7.5,37.5,0
110,0.0,40.0,0
103,40.0,80.0,0
39,0.0,0.0,0
140,0.0,0.0,0
28,0.0,0.0,0
140,0.0,0.0,0
37,0.0,0.0,0
125,0.0,0.0,0
135,0.0,0.0,0
48,0.0,0.0,0
145,-29.1666666667,54.1666666667,0
144,0.0,0.0,0
131,0.0,40.0,0
146,0.0,0.0,0
140,0.0,100.0,0
111,0.0,40.0,0
139,50.0,50.0,0
146,0.0,0.0,0
117,40.0,80.0,0
146,25.0,90.0,0
140,8.33333333333,58.3333333333,0
150,13.6363636364,45.4545454545,0
140,0.0,50.0,0
103,40.0,80.0,0
146,0.0,0.0,0
118,0.0,0.0,0
86,0.0,0.0,0
131,0.0,40.0,0
150,0.0,0.0,0
148,0.0,0.0,0
140,13.6363636364,45.4545454545,0
140,0.0,50.0,0
111,0.0,40.0,0
140,100.0,75.0,0
110,0.0,0.0,0
140,0.0,50.0,0
119,20.0,35.0,0
33,0.0,0.0,0
140,0.0,0.0,0
145,0.0,0.0,0
140,0.0,0.0,0
145,0.0,0.0,0
136,50.0,65.0,0
139,0.0,100.0,0
135,0.0,0.0,0
100,20.0,35.0,0
144,40.0,40.0,0
140,-12.5,36.6666666667,0
140,5.0,60.0,0
140,-40.0,40.0,0
131,0.0,40.0,0
111,0.0,40.0,0
140,0.0,50.0,0
140,0.0,0.0,0
140,0.0,0.0,0
140,50.0,50.0,0
140,16.6666666667,76.6666666667,0
89,-33.3333333333,66.6666666667,0
140,16.6666666667,76.6666666667,0
146,0.0,0.0,0
137,100.0,30.0,0
150,0.0,0.0,0
146,0.0,0.0,0
135,0.0,0.0,0
150,0.0,0.0,0
148,0.0,0.0,0
131,0.0,40.0,0
111,0.0,40.0,0
52,0.0,0.0,0
29,0.0,0.0,0
54,-25.0,88.8888888889,0
140,-25.0,50.0,0
108,0.0,12.5,0
140,42.8571428571,53.5714285714,0
140,0.0,50.0,0
138,-2.77777777778,64.4444444444,0
140,-57.5,67.5,0
130,-18.75,50.0,0
131,0.0,40.0,0
135,0.0,0.0,0
144,0.0,0.0,0
145,-29.1666666667,54.1666666667,0
149,0.0,0.0,0
146,0.0,0.0,0
111,0.0,40.0,0
149,0.0,0.0,0
105,40.0,40.0,0
32,0.0,0.0,0
149,0.0,0.0,0
149,0.0,0.0,0
146,0.0,0.0,0
146,0.0,0.0,0
146,0.0,0.0,0
99,0.0,0.0,0
146,100.0,30.0,0
79,0.0,0.0,0
139,0.0,0.0,0
131,0.0,40.0,0
135,0.0,0.0,0
26,0.0,0.0,0
140,-40.0,40.0,0
121,5.27777777778,24.7222222222,0
111,0.0,40.0,0
97,0.0,0.0,0
146,0.0,0.0,0
107,50.0,50.0,0
78,47.8787878788,45.1515151515,0
133,63.5416666667,86.6666666667,0
87,50.0,50.0,0
145,43.3333333333,83.3333333333,0
82,100.0,40.0,0
146,43.3333333333,83.3333333333,0
146,0.0,0.0,0
146,0.0,0.0,0
140,50.0,50.0,0
131,0.0,40.0,0
145,0.0,0.0,0
135,0.0,0.0,0
140,0.0,100.0,0
118,-2.77777777778,64.4444444444,0
111,0.0,40.0,0
135,0.0,0.0,0
149,0.0,0.0,0
87,100.0,30.0,0
136,50.0,50.0,0
81,0.0,0.0,0
140,5.0,60.0,0
149,0.0,0.0,0
35,13.6363636364,45.4545454545,0
147,0.0,0.0,0
100,0.0,14.2857142857,0
142,70.0,90.0,0
74,0.0,0.0,0
131,0.0,40.0,0
143,-33.3333333333,66.6666666667,0
140,0.0,0.0,0
129,0.0,0.0,0
140,0.0,0.0,0
135,0.0,0.0,0
90,0.0,0.0,0
111,0.0,40.0,0
140,0.0,0.0,0
142,-33.3333333333,66.6666666667,0
132,0.0,0.0,0
61,0.0,0.0,0
137,40.0,80.0,0
137,40.0,80.0,0
127,0.0,0.0,0
99,0.0,0.0,0
81,0.0,0.0,0
140,0.0,50.0,0
61,0.0,0.0,0
146,0.0,0.0,0
131,50.0,65.0,0
144,50.0,65.0,0
140,-40.0,70.0,0
144,50.0,65.0,0
83,0.0,0.0,0
142,0.0,0.0,0
114,0.0,0.0,0
131,0.0,40.0,0
140,62.5,100.0,0
140,-40.0,70.0,0
140,-2.5,25.0,0
140,0.0,0.0,0
140,-2.5,25.0,0
135,0.0,0.0,0
111,0.0,40.0,0
138,0.0,0.0,0
140,0.0,0.0,0
132,40.0,80.0,0
89,0.0,40.0,0
63,0.0,0.0,0
88,21.875,42.5,0
29,0.0,0.0,0
134,34.4140625,20.0,0
71,0.0,40.0,0
138,0.0,0.0,0
138,0.0,0.0,0
33,0.0,0.0,0
140,0.0,50.0,0
138,0.0,0.0,0
130,0.0,40.0,0
150,13.6363636364,45.4545454545,0
33,0.0,0.0,0
149,13.6363636364,45.4545454545,0
140,0.0,0.0,0
146,0.0,0.0,0
140,0.0,10.0,0
146,0.0,0.0,0
110,0.0,40.0,0
120,0.0,0.0,0
140,37.2222222222,57.7777777778,0
39,35.0,65.0,0
146,0.0,0.0,0
135,0.0,0.0,0
140,0.0,10.0,0
142,20.0,30.0,0
63,0.0,0.0,0
97,0.0,0.0,0
145,-29.1666666667,54.1666666667,0
101,0.0,0.0,0
46,0.0,0.0,0
122,37.2222222222,57.7777777778,0
116,70.0,60.0,0
146,0.0,0.0,0
140,21.6666666667,66.6666666667,0
102,70.0,60.0,0
140,-12.5,36.6666666667,0
145,0.0,0.0,0
140,22.5,45.0,0
80,30.0,77.5,0
27,0.0,0.0,0
22,100.0,100.0,0
129,0.0,40.0,0
97,0.0,0.0,0
140,0.0,0.0,0
97,0.0,0.0,0
97,0.0,0.0,0
97,0.0,0.0,0
79,0.0,0.0,0
111,14.2857142857,33.0357142857,0
139,1.66666666667,72.5,0
63,35.0,65.0,0
109,0.0,40.0,0
137,0.0,0.0,0
127,0.0,0.0,0
135,0.0,0.0,0
131,12.5,40.0,0
140,0.0,0.0,0
108,0.0,0.0,0
139,60.0,90.0,0
146,25.0,90.0,0
140,62.5,100.0,0
143,0.0,0.0,0
133,0.0,100.0,0
146,25.0,90.0,0
131,0.0,40.0,0
140,18.75,46.6666666667,0
140,18.75,46.6666666667,0
124,56.25,75.0,0
140,18.75,46.6666666667,0
139,25.0,45.0,0
111,0.0,40.0,0
135,0.0,0.0,0
110,68.75,52.5,0
140,-40.0,40.0,0
145,0.0,0.0,0
140,10.0,30.0,0
140,62.5,100.0,0
83,0.0,0.0,0
124,0.0,0.0,0
145,0.0,0.0,0
140,6.25,68.75,0
140,63.5416666667,86.6666666667,0
140,21.3068181818,45.4545454545,0
137,-40.0,40.0,0
131,0.0,40.0,0
140,-28.75,62.5,0
139,-10.0,60.0,0
146,0.0,0.0,0
131,12.5,40.0,0
146,0.0,0.0,0
134,0.0,0.0,0
111,0.0,40.0,0
126,0.0,14.2857142857,0
113,50.625,55.0,0
85,0.0,0.0,0
131,12.5,40.0,0
115,12.5,40.0,0
135,0.0,0.0,0
106,0.0,14.2857142857,0
93,50.625,55.0,0
65,0.0,0.0,0
140,0.0,0.0,0
116,0.0,40.0,0
108,40.0,80.0,0
147,0.0,0.0,0
71,-16.6666666667,16.6666666667,0
142,25.0,60.0,0
128,0.0,0.0,0
140,50.0,50.0,0
140,4.46428571429,40.1785714286,0
95,0.0,40.0,0
94,40.0,80.0,0
122,0.0,0.0,0
122,0.0,0.0,0
121,80.0,55.0,0
140,5.0,60.0,0
140,0.0,50.0,0
140,5.0,60.0,0
131,0.0,40.0,0
140,0.0,50.0,0
140,0.0,0.0,0
42,0.0,30.0,0
137,0.0,0.0,1
139,0.0,0.0,1
145,0.0,0.0,1
118,0.0,0.0,1
124,0.0,0.0,1
118,0.0,0.0,1
135,0.0,0.0,1
140,0.0,0.0,1
131,0.0,40.0,1
150,13.6363636364,45.4545454545,1
146,0.0,0.0,1
149,13.6363636364,45.4545454545,1
128,0.0,0.0,1
111,0.0,40.0,1
101,26.7857142857,64.2857142857,1
101,26.7857142857,64.2857142857,1
140,-14.5833333333,77.0833333333,1
97,0.0,0.0,1
140,62.5,100.0,1
139,-14.5833333333,77.0833333333,1
37,0.0,0.0,1
85,0.0,0.0,1
136,-29.1666666667,54.1666666667,1
142,0.0,0.0,1
146,0.0,0.0,1
146,0.0,0.0,1
146,0.0,0.0,1
33,0.0,0.0,1
140,0.0,0.0,1
131,0.0,40.0,1
140,0.0,0.0,1
140,0.0,0.0,1
140,0.0,0.0,1
140,0.0,0.0,1
111,0.0,40.0,1
121,8.0,42.0,1
106,8.0,42.0,1
139,51.25,84.4444444444,1
97,0.0,0.0,1
140,0.0,50.0,1
85,0.0,0.0,1
137,-50.0,50.0,1
140,78.125,80.0,1
140,0.0,0.0,1
135,0.0,0.0,1
134,78.125,80.0,1
140,0.0,0.0,1
110,0.0,0.0,1
131,0.0,40.0,1
128,0.0,0.0,1
108,43.3333333333,83.3333333333,1
91,0.0,0.0,1
140,0.0,0.0,1
112,43.3333333333,83.3333333333,1
108,43.3333333333,83.3333333333,1
140,40.0,40.0,1
108,43.3333333333,83.3333333333,1
111,0.0,40.0,1
102,50.0,50.0,1
31,0.0,0.0,1
82,50.0,50.0,1
139,-15.462962963,15.1851851852,1
127,25.0,90.0,1
97,0.0,0.0,1
108,40.0,80.0,1
85,0.0,0.0,1
140,0.0,50.0,1
147,0.0,0.0,1
143,40.0,80.0,1
143,40.0,80.0,1
142,70.0,90.0,1
104,15.0,95.0,1
56,0.0,0.0,1
146,0.0,0.0,1
131,0.0,40.0,1
134,100.0,100.0,1
88,0.0,0.0,1
145,0.0,0.0,1
58,0.0,0.0,1
92,100.0,40.0,1
117,40.0,80.0,1
111,0.0,40.0,1
140,81.25,65.0,1
116,100.0,100.0,1
140,81.25,65.0,1
97,0.0,0.0,1
140,0.0,50.0,1
140,81.25,65.0,1
82,35.0,65.0,1
145,43.3333333333,83.3333333333,1
85,0.0,0.0,1
146,0.0,0.0,1
146,0.0,0.0,1
18,0.0,0.0,1
146,100.0,30.0,1
128,0.0,40.0,1
108,40.0,80.0,1
140,0.0,0.0,1
138,0.0,0.0,1
138,-5.0,20.0,1
87,0.0,0.0,1
108,0.0,40.0,1
94,40.0,80.0,1
139,26.6666666667,68.3333333333,1
67,0.0,0.0,1
140,81.25,65.0,1
140,18.75,43.75,1
140,24.3181818182,55.2272727273,1
133,0.0,0.0,1
97,0.0,0.0,1
85,0.0,0.0,1
144,0.0,0.0,1
140,0.0,0.0,1
113,0.0,0.0,1
146,0.0,0.0,1
72,0.0,0.0,1
131,0.0,40.0,1
140,0.0,0.0,1
74,10.0,40.0,1
54,50.0,50.0,1
140,75.0,90.0,1
111,0.0,40.0,1
140,37.2222222222,57.7777777778,1
133,56.6666666667,36.6666666667,1
122,37.2222222222,57.7777777778,1
97,0.0,0.0,1
139,-20.0,23.3333333333,1
48,0.0,0.0,1
150,0.0,0.0,1
85,0.0,0.0,1
150,0.0,0.0,1
150,0.0,0.0,1
140,0.0,50.0,1
139,-20.0,23.3333333333,1
140,75.0,90.0,1
75,0.0,0.0,1
67,0.0,0.0,1
148,0.0,0.0,1
135,0.0,0.0,1
145,-29.1666666667,54.1666666667,1
131,0.0,40.0,1
58,0.0,0.0,1
146,0.0,0.0,1
140,75.0,90.0,1
139,-20.0,23.3333333333,1
146,0.0,0.0,1
74,10.0,40.0,1
111,0.0,40.0,1
71,0.0,0.0,1
54,0.0,0.0,1
51,0.0,0.0,1
119,30.0,10.0,1
97,0.0,0.0,1
146,0.0,0.0,1
81,0.0,100.0,1
85,0.0,0.0,1
146,0.0,0.0,1
145,62.5,50.0,1
145,0.0,0.0,1
143,0.0,0.0,1
108,43.3333333333,83.3333333333,1
135,0.0,0.0,1
84,75.0,75.0,1
130,0.0,40.0,1
143,0.0,0.0,1
140,0.0,50.0,1
140,0.0,50.0,1
140,0.0,0.0,1
140,75.0,90.0,1
139,-20.0,23.3333333333,1
64,75.0,75.0,1
110,0.0,40.0,1
140,0.0,0.0,1
140,0.0,0.0,1
140,0.0,0.0,1
89,0.0,0.0,1
128,0.0,0.0,1
97,0.0,0.0,1
141,0.0,100.0,1
140,0.0,0.0,1
139,-20.0,23.3333333333,1
140,75.0,90.0,1
139,0.0,100.0,1
85,0.0,0.0,1
140,0.0,12.5,1
145,0.0,0.0,1
139,75.0,90.0,1
139,-20.0,23.3333333333,1
134,8.0,60.3333333333,1
131,0.0,40.0,1
135,0.0,0.0,1
139,-20.0,23.3333333333,1
93,0.0,0.0,1
140,0.0,50.0,1
146,0.0,0.0,1
111,0.0,40.0,1
140,40.0,80.0,1
138,0.0,0.0,1
140,0.0,50.0,1
19,35.0,65.0,1
140,40.0,80.0,1
119,0.0,0.0,1
97,0.0,0.0,1
140,0.0,12.5,1
85,0.0,0.0,1
137,33.3333333333,50.0,1
140,-10.0,10.0,1
78,0.0,0.0,1
131,0.0,40.0,1
140,81.25,65.0,1
62,0.0,0.0,1
146,0.0,0.0,1
135,0.0,0.0,1
140,3.33333333333,83.3333333333,1
26,0.0,0.0,1
94,50.0,60.0,1
140,81.25,65.0,1
140,0.0,0.0,1
140,0.0,0.0,1
148,0.0,0.0,1
140,81.25,65.0,1
140,0.0,0.0,1
111,0.0,40.0,1
140,-29.1666666667,54.1666666667,1
140,81.25,65.0,1
79,50.0,60.0,1
140,0.0,6.66666666667,1
97,0.0,0.0,1
139,0.0,6.66666666667,1
140,0.0,50.0,1
36,0.0,0.0,1
85,0.0,0.0,1
63,0.0,0.0,1
130,0.0,12.5,1
140,0.0,12.5,1
93,0.0,0.0,1
136,0.0,12.5,1
73,0.0,0.0,1
146,0.0,0.0,1
146,0.0,0.0,1
131,0.0,40.0,1
140,0.0,0.0,1
145,-29.1666666667,54.1666666667,1
144,0.0,0.0,1
71,0.0,0.0,1
135,0.0,0.0,1
140,81.25,65.0,1
131,81.25,65.0,1
111,0.0,40.0,1
82,100.0,40.0,1
140,0.0,0.0,1
99,0.0,0.0,1
140,0.0,0.0,1
97,0.0,0.0,1
85,0.0,0.0,1
142,30.0,60.0,1
140,0.0,0.0,1
140,0.0,0.0,1
98,12.5,55.0,1
9,0.0,0.0,1
135,0.0,0.0,1
146,0.0,0.0,1
130,0.0,40.0,1
81,40.0,80.0,1
30,0.0,0.0,1
146,100.0,30.0,1
135,0.0,0.0,1
96,22.0,70.7777777778,1
110,0.0,40.0,1
82,100.0,40.0,1
111,-75.0,75.0,1
140,25.0,33.3333333333,1
87,0.0,0.0,1
117,40.0,80.0,1
140,37.5,60.0,1
26,0.0,0.0,1
128,25.0,33.3333333333,1
75,0.0,0.0,1
103,40.0,80.0,1
139,25.0,20.0,1
140,3.33333333333,73.3333333333,1
146,0.0,0.0,1
146,0.0,0.0,1
140,0.0,0.0,1
131,0.0,40.0,1
146,43.3333333333,83.3333333333,1
145,0.0,0.0,1
145,43.3333333333,83.3333333333,1
140,0.0,0.0,1
135,0.0,0.0,1
146,0.0,0.0,1
111,0.0,40.0,1
82,100.0,40.0,1
133,0.0,100.0,1
100,0.0,0.0,1
97,0.0,0.0,1
138,-40.0,40.0,1
61,0.0,0.0,1
140,5.0,60.0,1
140,40.0,80.0,1
140,3.33333333333,83.3333333333,1
85,0.0,0.0,1
140,3.33333333333,83.3333333333,1
68,17.5,50.0,1
142,70.0,90.0,1
137,6.66666666667,56.6666666667,1
140,62.5,100.0,1
147,0.0,0.0,1
146,0.0,0.0,1
146,0.0,0.0,1
131,0.0,40.0,1
140,62.5,100.0,1
135,0.0,0.0,1
111,0.0,40.0,1
140,0.0,0.0,1
86,0.0,0.0,1
141,20.0,10.0,1
97,0.0,0.0,1
37,20.0,60.0,1
85,0.0,0.0,1
140,-40.0,70.0,1
144,50.0,65.0,1
86,0.0,0.0,1
140,50.0,65.0,1
142,0.0,0.0,1
69,0.0,0.0,1
140,-40.0,70.0,1
140,0.0,0.0,1
129,0.0,40.0,1
108,40.0,80.0,1
143,0.0,0.0,1
137,0.0,0.0,1
140,0.0,0.0,1
109,0.0,40.0,1
140,29.1666666667,45.8333333333,1
94,40.0,80.0,1
129,20.0,77.5,1
89,13.6363636364,45.4545454545,1
97,0.0,0.0,1
76,0.0,0.0,1
19,0.0,0.0,1
146,0.0,0.0,1
85,0.0,0.0,1
140,0.0,0.0,1
39,0.0,0.0,1
140,52.5,71.6666666667,1
146,0.0,0.0,1
140,0.0,50.0,1
140,0.0,50.0,1
131,0.0,40.0,1
32,0.0,0.0,1
146,0.0,0.0,1
134,0.0,50.0,1
149,13.6363636364,45.4545454545,1
105,0.0,0.0,1
111,0.0,40.0,1
119,0.0,25.0,1
99,0.0,25.0,1
135,0.0,0.0,1
137,100.0,30.0,1
84,0.0,0.0,1
63,35.0,65.0,1
146,0.0,0.0,1
146,0.0,0.0,1
97,0.0,0.0,1
146,0.0,0.0,1
139,0.0,0.0,1
145,0.0,0.0,1
85,0.0,0.0,1
133,37.5,75.0,1
140,0.0,0.0,1
139,-15.462962963,15.1851851852,1
114,37.5,75.0,1
131,0.0,40.0,1
117,40.0,80.0,1
117,40.0,80.0,1
95,0.0,0.0,1
140,21.6666666667,66.6666666667,1
146,0.0,0.0,1
140,-2.5,25.0,1
113,0.0,0.0,1
140,13.6363636364,45.4545454545,1
60,50.0,50.0,1
144,40.0,40.0,1
111,0.0,40.0,1
103,40.0,80.0,1
140,0.0,66.6666666667,1
135,0.0,0.0,1
140,-25.0,41.25,1
140,-2.5,25.0,1
134,0.0,0.0,1
131,0.0,0.0,1
97,0.0,0.0,1
140,50.0,50.0,1
139,0.0,0.0,1
139,0.0,0.0,1
139,0.0,0.0,1
140,0.0,50.0,1
139,0.0,0.0,1
139,0.0,0.0,1
139,0.0,0.0,1
140,-29.1666666667,54.1666666667,1
139,0.0,0.0,1
138,-29.1666666667,54.1666666667,1
119,20.0,77.5,1
85,0.0,0.0,1
143,0.0,0.0,1
140,0.0,35.7142857143,1
140,13.6363636364,45.4545454545,1
140,0.0,35.7142857143,1
140,0.0,35.7142857143,1
146,25.0,90.0,1
140,0.0,35.7142857143,1
140,0.0,35.7142857143,1
140,-40.0,70.0,1
140,0.0,50.0,1
139,0.0,0.0,1
140,70.0,60.0,1
146,0.0,0.0,1
105,0.0,0.0,1
140,5.0,70.0,1
129,0.0,40.0,1
140,0.0,0.0,1
139,0.0,0.0,1
140,0.0,3.84615384615,1
138,-2.5,25.0,1
109,0.0,40.0,1
117,40.0,80.0,1
141,0.0,100.0,1
99,40.0,80.0,1
25,40.0,80.0,1
89,0.0,0.0,1
108,37.5,100.0,1
105,65.0,60.0,1
108,65.0,60.0,1
140,18.75,43.75,1
69,0.0,0.0,1
88,37.5,100.0,1
112,0.0,0.0,1
112,0.0,0.0,1
140,-40.0,40.0,1
98,20.0,40.0,1
98,20.0,40.0,1
90,65.0,60.0,1
90,65.0,60.0,1
140,0.0,50.0,1
139,0.0,0.0,1
141,0.0,100.0,1
140,-40.0,70.0,1
140,0.0,50.0,1
117,0.0,40.0,1
131,0.0,40.0,1
140,62.5,100.0,1
145,0.0,0.0,1
138,0.0,0.0,1
96,0.0,40.0,1
111,0.0,40.0,1
142,0.714285714286,42.1428571429,1
140,0.0,0.0,1
140,0.0,0.0,1
139,0.0,0.0,1
140,40.0,80.0,1
146,0.0,0.0,1
140,0.0,0.0,1
149,70.0,90.0,1
139,41.6666666667,83.3333333333,1
20,0.0,0.0,1
132,17.5324675325,54.8701298701,1
145,0.0,0.0,1
146,0.0,0.0,1
100,0.0,0.0,1
131,0.0,40.0,1
141,0.0,100.0,1
89,50.0,50.0,1
111,0.0,40.0,1
140,16.0,54.0,1
97,0.0,0.0,1
135,0.0,0.0,1
138,0.0,0.0,1
36,0.0,0.0,1
146,0.0,0.0,1
119,0.0,0.0,1
93,0.0,0.0,1
140,0.0,50.0,1
140,-7.5,25.0,1
141,0.0,100.0,1
83,0.0,0.0,1
146,0.0,0.0,1
139,0.0,100.0,1
141,0.0,100.0,1
124,-7.5,25.0,1
141,0.0,100.0,1
142,0.0,100.0,1
140,0.0,0.0,1
146,0.0,0.0,1
139,36.6666666667,50.0,1
131,0.0,40.0,1
140,0.0,0.0,1
121,0.0,0.0,1
139,63.3333333333,71.6666666667,1
129,25.0,90.0,1
123,21.8181818182,47.7272727273,1
125,0.0,0.0,1
125,0.0,0.0,1
140,0.0,50.0,1
146,0.0,0.0,1
111,0.0,40.0,1
102,15.625,40.0,1
82,15.625,40.0,1
126,59.0625,80.0,1
109,13.6363636364,45.4545454545,1
84,13.6363636364,45.4545454545,1
87,0.0,0.0,1
117,40.0,80.0,1
135,0.0,0.0,1
145,0.0,0.0,1
75,0.0,0.0,1
144,0.0,50.0,1
145,0.0,0.0,1
103,40.0,80.0,1
145,0.0,0.0,1
93,13.6363636364,50.0,1
140,0.0,0.0,1
73,13.6363636364,50.0,1
145,0.0,0.0,1
140,6.66666666667,23.3333333333,1
145,0.0,0.0,1
145,0.0,0.0,1
145,0.0,0.0,1
145,0.0,0.0,1
146,0.0,0.0,1
138,50.0,80.0,1
131,0.0,40.0,1
129,25.0,90.0,1
70,-30.0,70.0,1
145,-29.1666666667,54.1666666667,1
41,0.0,0.0,1
138,-1.66666666667,27.5,1
105,20.0,90.0,1
111,0.0,40.0,1
83,0.0,0.0,1
138,-40.0,60.0,1
118,-40.0,60.0,1
90,0.0,0.0,1
140,6.81818181818,28.9772727273,1
97,0.0,0.0,1
140,0.0,0.0,1
135,0.0,0.0,1
90,0.0,0.0,1
85,0.0,0.0,1
140,0.0,0.0,1
142,0.0,0.0,1
140,16.6666666667,16.6666666667,1
140,0.0,0.0,1
140,0.0,0.0,1
139,36.6666666667,50.0,1
131,0.0,40.0,1
129,25.0,90.0,1
145,0.0,0.0,1
131,36.6666666667,50.0,1
111,0.0,40.0,1
133,0.0,0.0,1
140,50.0,80.0,1
59,0.0,0.0,1
97,0.0,0.0,1
146,0.0,0.0,1
135,0.0,0.0,1
85,0.0,0.0,1
140,62.5,100.0,1
145,0.0,0.0,1
83,0.0,0.0,1
145,0.0,0.0,1
140,0.0,50.0,1
140,0.0,0.0,1
146,0.0,0.0,1
130,0.0,40.0,1
110,0.0,40.0,1
121,13.3333333333,30.0,1
136,5.0,65.0,1
149,0.0,0.0,1
97,0.0,0.0,1
85,0.0,0.0,1
135,0.0,0.0,1
140,0.0,0.0,1
140,60.0,80.0,1
140,60.0,80.0,1
139,30.0,100.0,1
140,0.0,0.0,1
140,60.0,80.0,1
125,0.0,0.0,1
146,25.0,90.0,1
138,45.8333333333,78.3333333333,1
127,100.0,30.0,1
125,0.0,0.0,1
125,0.0,0.0,1
125,0.0,0.0,1
99,50.0,65.0,1
134,0.0,0.0,1
140,0.0,0.0,1
130,0.0,40.0,1
140,-25.0,30.0,1
149,0.0,0.0,1
113,0.0,0.0,1
140,0.0,0.0,1
146,0.0,0.0,1
117,100.0,40.0,1
140,0.0,0.0,1
123,0.0,0.0,1
110,0.0,40.0,1
140,0.0,0.0,1
134,0.0,0.0,1
140,62.5,100.0,1
128,0.0,0.0,1
132,100.0,100.0,1
87,0.0,0.0,1
113,100.0,100.0,1
75,0.0,0.0,1
83,0.0,0.0,1
135,0.0,0.0,1
140,46.875,75.0,1
140,46.875,75.0,1
140,46.875,75.0,1
140,37.5,75.0,1
146,0.0,0.0,1
131,0.0,40.0,1
140,47.5,45.8333333333,1
140,0.0,0.0,1
140,80.0,100.0,1
135,-25.0,41.25,1
133,0.0,0.0,1
111,0.0,40.0,1
141,-20.0,15.0,1
131,44.8148148148,36.2962962963,1
139,43.3333333333,45.8333333333,1
87,0.0,0.0,1
140,0.0,50.0,1
140,0.0,0.0,1
75,0.0,0.0,1
74,0.0,0.0,1
146,0.0,0.0,1
146,0.0,0.0,1
54,0.0,0.0,1
146,0.0,0.0,1
140,-25.0,88.8888888889,1
141,0.0,0.0,1
131,0.0,40.0,1
79,30.0,10.0,1
143,8.52864583333,29.1666666667,1
146,0.0,0.0,1
128,40.0,80.0,1
111,0.0,40.0,1
86,0.0,0.0,1
87,0.0,0.0,1
146,0.0,0.0,1
75,0.0,0.0,1
64,13.6363636364,45.4545454545,1
140,0.0,0.0,1
140,70.0,60.0,1
135,0.0,0.0,1
131,0.0,40.0,1
100,35.0,46.6666666667,1
106,21.8181818182,47.7272727273,1
146,0.0,0.0,1
145,0.0,0.0,1
138,27.1590909091,34.1666666667,1
111,0.0,40.0,1
142,-20.0,20.0,1
140,0.0,0.0,1
87,0.0,0.0,1
110,68.75,52.5,1
75,0.0,0.0,1
149,13.6363636364,45.4545454545,1
140,0.0,50.0,1
140,0.0,0.0,1
135,0.0,0.0,1
140,0.0,0.0,1
131,0.0,40.0,1
142,70.0,90.0,1
76,0.0,0.0,1
140,0.0,0.0,1
140,24.5454545455,38.4848484848,1
71,0.0,50.0,1
108,43.3333333333,83.3333333333,1
108,43.3333333333,83.3333333333,1
112,43.3333333333,83.3333333333,1
108,43.3333333333,83.3333333333,1
111,0.0,40.0,1
142,0.0,0.0,1
140,0.0,0.0,1
143,8.52864583333,29.1666666667,1
87,0.0,0.0,1
142,25.0,90.0,1
137,50.0,80.0,1
142,0.0,0.0,1
75,0.0,0.0,1
142,0.0,0.0,1
135,0.0,0.0,1
131,0.0,40.0,1
142,0.0,0.0,1
145,0.0,0.0,1
140,50.0,50.0,1
92,100.0,40.0,1
146,0.0,0.0,1
111,0.0,40.0,1
140,6.81818181818,22.7272727273,1
141,0.0,100.0,1
140,0.0,50.0,1
90,13.6363636364,45.4545454545,1
87,0.0,0.0,1
140,0.0,0.0,1
75,0.0,0.0,1
70,13.6363636364,45.4545454545,1
27,0.0,0.0,1
80,40.0,80.0,1
147,0.0,0.0,1
134,0.0,0.0,1
122,0.0,0.0,1
120,17.0454545455,45.4545454545,1
135,0.0,0.0,1
125,26.6666666667,53.3333333333,1
130,0.0,40.0,1
116,70.0,60.0,1
140,0.0,0.0,1
141,0.0,0.0,1
112,26.6666666667,53.3333333333,1
146,100.0,30.0,1
110,0.0,40.0,1
102,70.0,60.0,1
143,62.5,80.0,1
89,37.5,75.0,1
97,0.0,0.0,1
76,37.5,75.0,1
143,62.5,80.0,1
146,0.0,0.0,1
143,62.5,80.0,1
140,0.0,0.0,1
143,62.5,80.0,1
142,3.33333333333,53.3333333333,1
104,0.0,10.0,1
140,62.5,80.0,1
85,0.0,0.0,1
107,0.0,0.0,1
64,13.6363636364,50.0,1
146,43.3333333333,83.3333333333,1
119,0.0,0.0,1
145,43.3333333333,83.3333333333,1
58,-50.0,90.0,1
141,0.0,100.0,1
140,0.0,0.0,1
140,80.0,100.0,1
142,3.33333333333,53.3333333333,1
94,0.0,0.0,1
131,0.0,40.0,1
135,0.0,0.0,1
108,43.3333333333,83.3333333333,1
111,0.0,40.0,1
119,0.0,0.0,1
86,0.0,0.0,1
72,0.0,0.0,1
105,0.0,0.0,1
141,0.0,0.0,1
140,0.0,0.0,1
97,0.0,0.0,1
102,0.0,0.0,1
140,0.0,0.0,1
85,0.0,0.0,1
142,0.0,100.0,1
83,0.0,0.0,1
141,3.33333333333,53.3333333333,1
140,0.0,50.0,1
140,0.0,50.0,1
142,0.0,0.0,1
145,-29.1666666667,54.1666666667,1
131,0.0,40.0,1
116,70.0,60.0,1
132,0.0,75.0,1
140,11.4814814815,51.2962962963,1
135,0.0,0.0,1
146,0.0,0.0,1
111,0.0,40.0,1
102,70.0,60.0,1
108,0.0,0.0,1
140,10.7142857143,51.4285714286,1
88,0.0,0.0,1
140,10.7142857143,51.4285714286,1
105,0.0,0.0,1
97,0.0,0.0,1
85,0.0,0.0,1
98,16.6666666667,16.6666666667,1
141,0.0,0.0,1
141,0.0,0.0,1
144,0.0,0.0,1
82,16.6666666667,16.6666666667,1
140,0.0,100.0,1
141,0.0,0.0,1
131,0.0,40.0,1
146,0.0,0.0,1
139,0.0,100.0,1
140,0.0,0.0,1
135,0.0,0.0,1
105,-71.4285714286,85.7142857143,1
140,0.0,0.0,1
76,0.0,0.0,1
111,0.0,40.0,1
97,0.0,0.0,1
140,0.0,50.0,1
140,0.0,50.0,1
76,0.0,0.0,1
114,0.0,0.0,1
85,0.0,0.0,1
135,0.0,0.0,1
142,30.0,60.0,1
148,0.0,0.0,1
140,0.0,0.0,1
146,0.0,0.0,1
130,0.0,40.0,1
145,0.0,0.0,1
140,0.0,0.0,1
145,0.0,0.0,1
71,0.0,0.0,1
37,0.0,0.0,1
135,0.0,0.0,1
110,0.0,40.0,1
140,0.0,0.0,1
124,0.0,0.0,1
97,0.0,0.0,1
97,0.0,0.0,1
76,0.0,0.0,1
140,0.0,0.0,1
140,0.0,0.0,1
76,0.0,0.0,1
126,-29.1666666667,54.1666666667,1
85,0.0,0.0,1
92,0.0,0.0,1
91,-71.4285714286,85.7142857143,1
145,0.0,0.0,1
148,0.0,0.0,1
76,0.0,0.0,1
76,0.0,0.0,1
72,0.0,0.0,1
140,0.0,0.0,1
131,0.0,40.0,1
140,0.0,0.0,1
128,0.0,0.0,1
111,0.0,40.0,1
135,0.0,0.0,1
140,0.0,0.0,1
97,0.0,0.0,1
140,0.0,0.0,1
85,0.0,0.0,1
71,0.0,0.0,1
78,-25.0,40.0,1
140,0.0,50.0,1
104,-25.0,40.0,1
140,0.0,50.0,1
77,0.0,0.0,1
140,0.0,0.0,1
140,0.0,50.0,1
140,0.0,0.0,1
140,0.0,0.0,1
84,-25.0,40.0,1
140,100.0,30.0,1
131,0.0,40.0,1
108,40.0,80.0,1
104,0.0,0.0,1
140,62.5,100.0,1
137,100.0,30.0,1
146,0.0,0.0,1
144,0.0,0.0,1
111,0.0,40.0,1
97,0.0,0.0,1
88,0.0,0.0,1
74,0.0,0.0,1
94,40.0,80.0,1
88,0.0,0.0,1
140,37.2222222222,57.7777777778,1
142,-7.5,67.5,1
135,0.0,0.0,1
77,0.0,0.0,1
68,0.0,0.0,1
54,0.0,0.0,1
140,19.53125,100.0,1
68,0.0,0.0,1
122,37.2222222222,57.7777777778,1
138,40.0,80.0,1
97,0.0,0.0,1
143,8.52864583333,29.1666666667,1
140,28.5714285714,53.5714285714,1
85,0.0,0.0,1
146,0.0,0.0,1
55,0.0,0.0,1
136,-20.0,30.0,1
145,-29.1666666667,54.1666666667,1
131,0.0,40.0,1
30,0.0,0.0,1
140,-12.5,36.6666666667,1
138,50.0,80.0,1
140,-40.0,40.0,1
103,0.0,0.0,1
111,0.0,40.0,1
141,-20.0,20.0,1
97,0.0,0.0,1
143,0.0,0.0,1
145,43.3333333333,83.3333333333,1
136,0.0,0.0,1
85,0.0,0.0,1
146,0.0,0.0,1
146,0.0,0.0,1
142,25.0,90.0,1
132,25.0,90.0,1
131,0.0,40.0,1
118,13.6363636364,45.4545454545,1
137,0.0,0.0,1
72,31.6666666667,51.6666666667,1
111,0.0,40.0,1
140,0.0,0.0,1
146,100.0,30.0,1
135,0.0,0.0,1
146,100.0,30.0,1
111,0.0,0.0,1
97,0.0,0.0,1
97,0.0,0.0,1
140,0.0,0.0,1
98,0.0,0.0,1
146,100.0,30.0,1
140,18.75,43.75,1
140,46.875,75.0,1
85,0.0,0.0,1
140,46.875,75.0,1
140,46.875,75.0,1
149,70.0,90.0,1
140,37.5,75.0,1
101,50.0,50.0,1
90,13.6363636364,50.0,1
98,0.0,0.0,1
98,0.0,0.0,1
146,0.0,0.0,1
81,50.0,50.0,1
70,13.6363636364,50.0,1
82,0.0,0.0,1
140,0.0,0.0,1
147,0.0,0.0,1
131,0.0,40.0,1
140,0.0,0.0,1
141,0.0,0.0,1
143,8.52864583333,29.1666666667,1
140,0.0,0.0,1
111,0.0,40.0,1
140,0.0,0.0,1
140,0.0,0.0,1
86,0.0,0.0,1
97,0.0,0.0,1
146,0.0,0.0,1
145,0.0,0.0,1
66,0.0,0.0,1
85,0.0,0.0,1
140,0.0,0.0,1
140,0.0,0.0,1
140,0.0,0.0,1
142,70.0,90.0,1
140,0.0,0.0,1
140,0.0,0.0,1
142,0.0,0.0,1
140,0.0,0.0,1
140,0.0,0.0,1
106,25.0,40.0,1
142,0.0,0.0,1
130,0.0,40.0,1
140,0.0,50.0,1
140,0.0,0.0,1
143,8.52864583333,29.1666666667,1
110,0.0,40.0,1
140,0.0,0.0,1
140,0.0,50.0,1
140,0.0,0.0,1
140,21.6666666667,66.6666666667,1
97,0.0,0.0,1
135,0.0,0.0,1
140,62.5,100.0,1
85,0.0,0.0,1
150,13.6363636364,45.4545454545,1
149,13.6363636364,45.4545454545,1
144,0.0,50.0,1
143,25.0,43.75,1
143,0.0,0.0,1
103,0.0,0.0,1
77,0.0,0.0,1
131,0.0,40.0,1
140,0.0,0.0,1
83,0.0,0.0,1
57,0.0,0.0,1
111,0.0,40.0,1
83,0.0,0.0,1
140,0.0,0.0,1
140,0.0,0.0,1
71,43.3333333333,73.3333333333,1
140,0.0,0.0,1
140,0.0,0.0,1
87,0.0,0.0,1
116,70.0,60.0,1
97,0.0,0.0,1
46,0.0,0.0,1
146,43.3333333333,83.3333333333,1
135,0.0,0.0,1
121,0.0,0.0,1
140,33.3333333333,83.3333333333,1
85,0.0,0.0,1
135,10.0,40.0,1
146,0.0,0.0,1
146,0.0,0.0,1
22,10.0,40.0,1
140,20.0,30.0,1
140,0.0,50.0,1
129,0.0,40.0,1
140,0.0,50.0,1
146,0.0,0.0,1
140,20.0,30.0,1
146,0.0,0.0,1
140,0.0,0.0,1
109,0.0,40.0,1
118,50.0,80.0,1
71,0.0,0.0,1
98,50.0,80.0,1
97,0.0,0.0,1
135,0.0,0.0,1
85,0.0,0.0,1
128,26.8181818182,65.0,1
82,100.0,40.0,1
140,0.0,10.0,1
128,56.25,75.0,1
146,0.0,0.0,1
145,0.0,0.0,1
140,0.0,10.0,1
130,0.0,40.0,1
138,20.0,30.0,1
149,13.6363636364,45.4545454545,1
133,30.0,47.5,1
110,0.0,40.0,1
139,0.0,0.0,1
87,0.0,0.0,1
117,40.0,80.0,1
135,0.0,0.0,1
75,0.0,0.0,1
133,0.0,100.0,1
103,40.0,80.0,1
138,20.0,30.0,1
99,0.0,0.0,1
131,0.0,40.0,1
108,40.0,80.0,1
110,68.75,52.5,1
135,20.0,20.0,1
123,43.3333333333,83.3333333333,1
140,20.0,30.0,1
56,0.0,0.0,1
78,0.0,0.0,1
112,43.3333333333,83.3333333333,1
123,20.0,20.0,1
108,43.3333333333,83.3333333333,1
108,43.3333333333,83.3333333333,1
111,0.0,40.0,1
108,43.3333333333,83.3333333333,1
140,62.5,100.0,1
94,40.0,80.0,1
140,0.0,0.0,1
140,0.0,0.0,1
140,0.0,0.0,1
128,0.0,0.0,1
139,27.5,45.0,1
140,0.0,22.5,1
94,0.0,0.0,1
87,0.0,0.0,1
140,0.0,0.0,1
142,70.0,90.0,1
75,0.0,0.0,1
75,0.0,0.0,1
135,0.0,0.0,1
133,20.0,30.0,1
145,0.0,0.0,1
82,100.0,40.0,1
140,37.5,75.0,1
140,37.2222222222,57.7777777778,1
140,0.0,0.0,1
145,0.0,0.0,1
105,20.0,30.0,1
140,37.5,75.0,1
142,0.0,0.0,1
122,37.2222222222,57.7777777778,1
130,0.0,40.0,1
116,70.0,60.0,1
140,0.0,50.0,1
92,100.0,40.0,1
140,62.5,100.0,1
140,0.0,0.0,1
136,20.0,30.0,1
64,0.0,0.0,1
110,0.0,40.0,1
102,70.0,60.0,1
146,100.0,30.0,1
140,20.0,30.0,1
87,0.0,0.0,1
140,62.5,100.0,1
138,20.0,30.0,1
140,0.0,0.0,1
76,0.0,0.0,1
75,0.0,0.0,1
137,0.0,0.0,1
135,0.0,0.0,1
150,0.0,0.0,1
147,0.0,0.0,1
35,40.0,80.0,1
146,0.0,0.0,1
146,100.0,30.0,1
131,0.0,40.0,1
146,100.0,30.0,1
111,0.0,40.0,1
80,70.0,60.0,1
87,0.0,0.0,1
140,62.5,80.0,1
139,0.0,0.0,1
146,0.0,0.0,1
140,0.0,0.0,1
140,0.0,0.0,1
140,0.0,0.0,1
140,0.0,0.0,1
75,0.0,0.0,1
103,20.0,30.0,1
140,60.0,80.0,1
146,0.0,0.0,1
140,0.0,50.0,1
131,0.0,40.0,1
145,43.3333333333,83.3333333333,1
35,87.5,60.0,1
111,0.0,40.0,1
140,0.0,0.0,1
122,20.0,30.0,1
122,20.0,30.0,1
97,0.0,0.0,1
140,0.0,0.0,1
140,0.0,0.0,1
139,16.6666666667,16.6666666667,1
132,0.0,0.0,1
140,0.0,0.0,1
90,0.0,0.0,1
140,0.0,50.0,1
85,0.0,0.0,1
82,40.0,80.0,1
140,16.6666666667,16.6666666667,1
135,0.0,0.0,1
146,0.0,0.0,1
107,20.0,30.0,1
64,55.0,85.0,1
145,-29.1666666667,54.1666666667,1
131,0.0,40.0,1
141,0.0,100.0,1
146,0.0,0.0,1
146,0.0,0.0,1
111,0.0,40.0,1
62,0.0,0.0,1
61,6.25,75.0,1
142,0.0,0.0,1
146,0.0,0.0,1
42,0.0,0.0,1
124,43.3333333333,83.3333333333,1
43,6.25,75.0,1
87,0.0,0.0,1
90,0.0,40.0,1
146,0.0,0.0,1
108,43.3333333333,83.3333333333,1
80,70.0,60.0,1
87,0.0,0.0,1
146,0.0,0.0,1
140,0.0,50.0,1
144,0.0,0.0,1
75,0.0,0.0,1
139,0.0,50.0,1
140,0.0,0.0,1
72,0.0,40.0,1
142,0.0,0.0,1
139,40.0,80.0,1
140,0.0,0.0,1
131,0.0,40.0,1
116,70.0,60.0,1
100,0.0,0.0,1
145,0.0,0.0,1
139,0.0,100.0,1
140,0.0,0.0,1
138,-10.0,10.0,1
128,0.0,0.0,1
134,0.0,0.0,1
119,25.0,65.0,1
111,0.0,40.0,1
102,70.0,60.0,1
127,0.0,0.0,1
139,70.0,60.0,1
142,0.0,0.0,1
97,0.0,0.0,1
150,0.0,0.0,1
138,62.5,80.0,1
85,0.0,0.0,1
140,5.0,35.0,1
140,0.0,0.0,1
145,0.0,0.0,1
140,0.0,0.0,1
135,0.0,0.0,1
80,40.0,80.0,1
150,0.0,0.0,1
79,0.0,0.0,1
148,0.0,0.0,1
131,0.0,40.0,1
117,40.0,80.0,1
140,48.125,73.75,1
96,-40.0,70.0,1
140,62.5,100.0,1
140,50.0,80.0,1
140,50.0,80.0,1
138,-10.0,10.0,1
111,0.0,40.0,1
103,40.0,80.0,1
141,0.0,100.0,1
92,50.0,100.0,1
76,0.0,0.0,1
140,-25.625,48.5416666667,1
73,0.0,0.0,1
78,40.0,40.0,1
97,0.0,0.0,1
150,0.0,0.0,1
73,50.0,100.0,1
138,50.0,80.0,1
145,0.0,0.0,1
85,0.0,0.0,1
145,0.0,0.0,1
98,0.0,0.0,1
145,0.0,0.0,1
140,62.5,100.0,1
51,0.0,0.0,1
148,0.0,0.0,1
140,0.0,50.0,1
82,0.0,0.0,1
135,0.0,0.0,1
149,0.0,0.0,1
129,0.0,40.0,1
116,70.0,60.0,1
107,0.0,66.6666666667,1
139,40.0,80.0,1
125,40.0,80.0,1
109,0.0,40.0,1
102,70.0,60.0,1
146,0.0,0.0,1
97,0.0,0.0,1
140,10.0,70.0,1
146,0.0,0.0,1
139,0.0,0.0,1
87,0.0,0.0,1
140,0.0,0.0,1
140,0.0,0.0,1
144,0.0,0.0,1
75,0.0,0.0,1
146,0.0,0.0,1
142,0.0,0.0,1
140,80.0,75.0,1
135,0.0,0.0,1
131,0.0,40.0,1
146,0.0,0.0,1
140,0.0,0.0,1
146,43.3333333333,83.3333333333,1
137,100.0,30.0,1
111,0.0,40.0,1
26,62.5,50.0,1
140,48.125,73.75,1
133,16.0416666667,66.4583333333,1
140,75.0,90.0,1
117,31.25,70.0,1
97,0.0,0.0,1
140,0.0,0.0,1
140,48.125,73.75,1
77,37.5,65.0,1
139,25.0,100.0,1
82,0.0,0.0,1
139,-5.0,10.0,1
90,0.0,0.0,1
85,0.0,0.0,1
140,48.125,73.75,1
78,0.0,0.0,1
60,0.0,0.0,1
87,-15.5555555556,28.8888888889,1
140,0.0,0.0,1
73,-12.5,20.0,1
82,100.0,40.0,1
145,43.3333333333,83.3333333333,1
140,14.2857142857,51.7857142857,1
120,64.53125,57.5,1
131,0.0,40.0,1
113,-15.5555555556,28.8888888889,1
135,0.0,0.0,1
86,0.0,0.0,1
113,-15.5555555556,28.8888888889,1
131,0.0,40.0,1
75,0.0,6.66666666667,1
145,-29.1666666667,54.1666666667,1
41,65.0,67.5,1
66,0.0,0.0,1
93,-15.5555555556,28.8888888889,1
111,0.0,40.0,1
146,0.0,0.0,1
149,0.0,0.0,1
87,0.0,0.0,1
140,48.125,73.75,1
149,0.0,0.0,1
146,0.0,0.0,1
82,-50.0,100.0,1
139,0.0,0.0,1
75,0.0,0.0,1
139,48.125,73.75,1
67,100.0,30.0,1
142,3.33333333333,53.3333333333,1
146,100.0,30.0,1
146,0.0,0.0,1
140,-12.5,50.0,1
146,0.0,0.0,1
77,0.0,0.0,1
147,0.0,0.0,1
122,-10.0,10.0,1
85,17.5,57.5,1
131,0.0,40.0,1
140,62.5,100.0,1
133,0.0,0.0,1
140,21.6666666667,66.6666666667,1
135,0.0,0.0,1
140,21.6666666667,66.6666666667,1
136,0.0,0.0,1
140,21.6666666667,66.6666666667,1
140,21.6666666667,66.6666666667,1
26,0.0,0.0,1
111,0.0,40.0,1
90,-50.0,80.0,1
140,80.0,75.0,1
74,-50.0,80.0,1
128,44.0,57.6666666667,1
87,0.0,0.0,1
75,0.0,0.0,1
83,0.0,0.0,1
140,80.0,100.0,1
104,0.0,0.0,1
106,0.0,0.0,1
131,80.0,100.0,1
84,0.0,0.0,1
86,0.0,0.0,1
146,0.0,0.0,1
140,62.5,100.0,1
78,-16.6666666667,64.5833333333,1
78,0.0,0.0,1
131,0.0,40.0,1
140,-12.5,33.3333333333,1
105,10.0,58.0,1
145,0.0,0.0,1
136,0.0,0.0,1
70,0.0,0.0,1
102,0.0,0.0,1
140,0.0,50.0,1
140,0.0,50.0,1
62,0.0,0.0,1
140,0.0,0.0,1
140,-80.0,80.0,1
111,0.0,40.0,1
140,0.0,50.0,1
97,0.0,0.0,1
139,0.0,0.0,1
76,40.0,80.0,1
140,0.0,0.0,1
142,70.0,90.0,1
85,0.0,0.0,1
142,0.0,0.0,1
137,0.0,0.0,1
140,0.0,0.0,1
118,0.0,0.0,1
140,-25.0,41.25,1
131,0.0,0.0,1
140,60.0,80.0,1
140,-40.0,70.0,1
128,0.0,0.0,1
140,60.0,80.0,1
140,60.0,80.0,1
140,60.0,80.0,1
71,0.0,0.0,1
131,0.0,40.0,1
76,0.0,0.0,1
140,1.66666666667,72.2222222222,1
111,0.0,40.0,1
82,100.0,40.0,1
99,0.0,0.0,1
140,-15.5555555556,28.8888888889,1
140,60.0,90.0,1
140,0.0,50.0,1
79,0.0,0.0,1
140,62.5,100.0,1
145,0.0,0.0,1
145,0.0,0.0,1
139,0.0,100.0,1
140,47.5,45.8333333333,1
140,-11.1111111111,26.6666666667,1
97,0.0,0.0,1
140,-11.1111111111,26.6666666667,1
138,0.0,0.0,1
85,0.0,0.0,1
140,0.0,0.0,1
149,13.6363636364,45.4545454545,1
129,0.0,0.0,1
129,0.0,0.0,1
145,0.0,0.0,1
126,0.0,0.0,1
127,0.0,0.0,1
70,0.0,0.0,1
140,-15.5555555556,28.8888888889,1
130,0.0,40.0,1
146,0.0,0.0,1
50,0.0,0.0,1
140,-15.5555555556,28.8888888889,1
129,26.6666666667,53.3333333333,1
139,6.81818181818,22.7272727273,1
63,62.5,60.0,1
140,0.0,0.0,1
110,0.0,40.0,1
138,0.0,0.0,1
140,0.0,50.0,1
139,6.81818181818,22.7272727273,1
76,-70.0,90.0,1
140,23.4375,75.0,1
97,0.0,0.0,1
110,68.75,52.5,1
139,23.4375,75.0,1
139,23.4375,75.0,1
139,23.4375,75.0,1
140,23.4375,75.0,1
146,0.0,0.0,1
140,23.4375,75.0,1
140,23.4375,75.0,1
140,23.4375,75.0,1
140,23.4375,75.0,1
85,0.0,0.0,1
135,0.0,0.0,1
80,70.0,60.0,1
61,70.0,60.0,1
146,0.0,0.0,1
140,0.0,50.0,1
140,75.0,90.0,1
130,0.0,40.0,1
140,12.8125,40.0,1
110,0.0,40.0,1
140,37.2222222222,57.7777777778,1
140,0.0,0.0,1
140,0.0,0.0,1
140,62.5,100.0,1
52,-30.625,54.375,1
135,0.0,0.0,1
122,37.2222222222,57.7777777778,1
131,0.0,0.0,1
97,0.0,0.0,1
140,0.0,0.0,1
146,0.0,0.0,1
140,0.0,38.8888888889,1
146,0.0,0.0,1
140,0.0,38.8888888889,1
85,0.0,0.0,1
111,0.0,0.0,1
141,0.0,100.0,1
141,0.0,100.0,1
131,0.0,40.0,1
73,20.0,20.0,1
111,0.0,40.0,1
88,50.0,50.0,1
115,0.0,40.0,1
72,50.0,50.0,1
94,0.0,40.0,1
127,17.0454545455,45.4545454545,1
97,0.0,0.0,1
127,17.0454545455,45.4545454545,1
56,0.0,0.0,1
85,0.0,0.0,1
137,-10.0,60.0,1
140,40.0,80.0,1
139,40.0,80.0,1
140,56.8181818182,72.7272727273,1
146,25.0,90.0,1
131,0.0,40.0,1
125,0.0,0.0,1
125,0.0,0.0,1
140,0.0,50.0,1
146,0.0,0.0,1
111,0.0,40.0,1
102,15.625,40.0,1
82,15.625,40.0,1
109,13.6363636364,45.4545454545,1
84,13.6363636364,45.4545454545,1
145,0.0,0.0,1
87,0.0,0.0,1
117,40.0,80.0,1
135,0.0,0.0,1
145,0.0,0.0,1
75,0.0,0.0,1
144,0.0,50.0,1
140,13.6363636364,45.4545454545,1
140,0.0,50.0,1
135,-25.0,41.25,1
97,0.0,0.0,1
146,0.0,0.0,1
140,0.0,12.5,1
85,0.0,0.0,1
140,0.0,12.5,1
146,0.0,0.0,1
130,0.0,40.0,1
140,6.66666666667,10.0,1
140,0.0,50.0,1
145,0.0,0.0,1
150,0.0,0.0,1
110,0.0,40.0,1
140,0.0,0.0,1
135,0.0,0.0,1
140,62.5,100.0,1
97,0.0,0.0,1
85,0.0,0.0,1
150,13.6363636364,45.4545454545,1
143,-4.28571428571,58.5714285714,1
143,-4.28571428571,58.5714285714,1
138,0.0,5.0,1
149,13.6363636364,45.4545454545,1
143,-4.28571428571,58.5714285714,1
140,6.66666666667,10.0,1
143,-4.28571428571,58.5714285714,1
131,0.0,40.0,1
143,-4.28571428571,58.5714285714,1
143,-4.28571428571,58.5714285714,1
143,-4.28571428571,58.5714285714,1
140,6.66666666667,10.0,1
140,6.66666666667,10.0,1
140,6.66666666667,10.0,1
140,44.2424242424,46.3636363636,1
140,56.25,75.0,1
111,0.0,40.0,1
68,87.5,60.0,1
140,21.6666666667,66.6666666667,1
117,10.0,0.0,1
97,0.0,0.0,1
111,0.0,0.0,1
97,10.0,0.0,1
85,0.0,0.0,1
136,-10.0,23.3333333333,1
124,0.0,0.0,1
145,0.0,0.0,1
131,0.0,40.0,1
142,0.0,0.0,1
149,70.0,90.0,1
149,70.0,90.0,1
142,70.0,90.0,1
122,20.0,20.0,1
135,20.0,20.0,1
78,0.0,0.0,1
112,43.3333333333,83.3333333333,1
123,20.0,20.0,1
108,43.3333333333,83.3333333333,1
108,43.3333333333,83.3333333333,1
140,0.0,0.0,1
140,40.0,40.0,1
108,43.3333333333,83.3333333333,1
111,0.0,40.0,1
140,62.5,100.0,1
139,56.3333333333,100.0,1
135,0.0,0.0,1
87,0.0,0.0,1
140,0.0,0.0,1
150,0.0,0.0,1
140,0.0,0.0,1
139,0.0,0.0,1
75,0.0,0.0,1
140,0.0,0.0,1
145,0.0,0.0,1
140,0.0,50.0,1
140,0.0,0.0,1
140,62.5,100.0,1
140,62.5,100.0,1
150,0.0,0.0,1
146,0.0,0.0,1
150,0.0,0.0,1
147,0.0,0.0,1
130,0.0,40.0,1
130,0.0,40.0,1
92,100.0,40.0,1
96,40.0,80.0,1
140,62.5,100.0,1
110,0.0,40.0,1
120,0.0,0.0,1
140,0.0,0.0,1
100,0.0,0.0,1
117,0.0,0.0,1
135,0.0,0.0,1
78,0.0,0.0,1
140,62.5,80.0,1
138,0.0,0.0,1
97,0.0,0.0,1
146,0.0,0.0,1
80,0.0,0.0,1
139,18.75,43.75,1
65,0.0,0.0,1
85,0.0,0.0,1
146,100.0,30.0,1
146,0.0,0.0,1
131,0.0,40.0,1
145,43.3333333333,83.3333333333,1
101,0.0,0.0,1
111,0.0,40.0,1
118,0.0,0.0,1
140,13.6363636364,45.4545454545,1
135,0.0,0.0,1
141,2.5,40.0,1
97,0.0,0.0,1
140,30.0,10.0,1
85,0.0,0.0,1
140,45.0,60.0,1
119,30.0,10.0,1
108,0.0,66.6666666667,1
150,0.0,0.0,1
140,0.0,0.0,1
138,0.0,0.0,1
140,0.0,0.0,1
92,0.0,66.6666666667,1
140,62.5,100.0,1
146,0.0,0.0,1
131,0.0,40.0,1
105,26.8181818182,65.0,1
130,26.8181818182,65.0,1
109,80.0,75.0,1
141,0.0,0.0,1
140,13.6363636364,45.4545454545,1
111,0.0,40.0,1
140,37.2222222222,57.7777777778,1
135,0.0,0.0,1
143,30.0,60.0,1
122,37.2222222222,57.7777777778,1
97,0.0,0.0,1
108,43.3333333333,83.3333333333,1
85,0.0,0.0,1
146,0.0,0.0,1
144,0.0,0.0,1
27,80.0,70.0,1
132,30.0,10.0,1
11,0.0,0.0,1
130,0.0,40.0,1
145,-29.1666666667,54.1666666667,1
140,0.0,0.0,1
146,0.0,0.0,1
146,0.0,0.0,1
110,0.0,40.0,1
140,37.2222222222,57.7777777778,1
140,37.2222222222,57.7777777778,1
150,0.0,0.0,1
146,0.0,0.0,1
122,37.2222222222,57.7777777778,1
135,0.0,0.0,1
97,0.0,0.0,1
117,40.0,80.0,1
146,0.0,0.0,1
148,0.0,0.0,1
85,0.0,0.0,1
103,40.0,80.0,1
73,0.0,0.0,1
53,0.0,0.0,1
140,0.0,0.0,1
143,-4.28571428571,58.5714285714,1
140,0.0,50.0,1
143,-4.28571428571,58.5714285714,1
140,0.0,100.0,1
131,0.0,40.0,1
131,0.0,40.0,1
118,80.0,40.0,1
111,0.0,40.0,1
140,0.0,0.0,1
140,0.0,0.0,1
145,0.0,0.0,1
97,0.0,0.0,1
145,0.0,0.0,1
139,0.0,100.0,1
146,0.0,0.0,1
53,0.0,0.0,1
94,50.0,50.0,1
85,0.0,0.0,1
145,0.0,0.0,1
140,0.0,0.0,1
128,0.0,0.0,1
145,0.0,0.0,1
140,0.0,0.0,1
140,0.0,0.0,1
140,0.0,0.0,1
140,0.0,0.0,1
140,0.0,0.0,1
140,62.5,100.0,1
130,0.0,40.0,1
140,0.0,0.0,1
140,0.0,0.0,1
140,0.0,0.0,1
140,6.25,50.0,1
110,0.0,40.0,1
135,0.0,0.0,1
86,20.0,30.0,1
117,0.0,0.0,1
140,6.25,50.0,1
102,0.0,0.0,1
97,0.0,0.0,1
140,6.25,50.0,1
138,6.25,50.0,1
108,13.6363636364,45.4545454545,1
85,0.0,0.0,1
140,-0.959595959596,37.1717171717,1
146,0.0,0.0,1
147,0.0,0.0,1
140,62.5,100.0,1
146,0.0,0.0,1
145,0.0,0.0,1
148,0.0,0.0,1
131,0.0,40.0,1
146,0.0,0.0,1
139,100.0,30.0,1
71,0.0,0.0,1
71,0.0,0.0,1
111,0.0,40.0,1
140,50.0,40.0,1
140,0.0,0.0,1
45,0.0,0.0,1
104,15.625,40.0,1
13,0.0,0.0,1
125,50.0,40.0,1
140,0.0,0.0,1
143,-4.28571428571,58.5714285714,1
131,0.0,0.0,1
86,15.625,40.0,1
140,0.0,0.0,1
97,0.0,0.0,1
135,0.0,0.0,1
139,0.0,0.0,1
85,0.0,0.0,1
145,-29.1666666667,54.1666666667,1
144,0.0,0.0,1
140,100.0,30.0,1
140,66.6666666667,53.3333333333,1
130,0.0,40.0,1
53,-41.6666666667,100.0,1
139,66.6666666667,53.3333333333,1
53,0.0,0.0,1
143,-4.28571428571,58.5714285714,1
128,22.4242424242,56.9696969697,1
137,100.0,30.0,1
110,0.0,40.0,1
140,0.0,0.0,1
77,50.0,50.0,1
139,0.0,0.0,1
35,0.0,0.0,1
49,0.0,100.0,1
127,0.0,0.0,1
97,0.0,0.0,1
120,50.0,50.0,1
135,0.0,0.0,1
143,-4.28571428571,58.5714285714,1
85,0.0,0.0,1
143,-4.28571428571,58.5714285714,1
146,0.0,0.0,1
143,-4.28571428571,58.5714285714,1
143,-4.28571428571,58.5714285714,1
120,50.0,50.0,1
120,50.0,50.0,1
130,0.0,40.0,1
146,100.0,30.0,1
145,43.3333333333,83.3333333333,1
100,50.0,50.0,1
52,0.0,0.0,1
122,100.0,100.0,1
110,0.0,40.0,1
114,0.0,0.0,1
141,10.0,0.0,1
136,0.0,0.0,1
97,0.0,0.0,1
35,0.0,0.0,1
85,0.0,0.0,1
146,0.0,0.0,1
135,0.0,0.0,1
35,0.0,0.0,1
145,0.0,0.0,1
85,0.0,0.0,1
146,0.0,0.0,1
145,0.0,0.0,1
65,0.0,0.0,1
139,62.5,80.0,1
135,0.0,0.0,1
147,0.0,0.0,1
131,0.0,40.0,1
140,0.0,50.0,1
139,50.0,50.0,1
111,0.0,40.0,1
116,70.0,90.0,1
115,50.0,90.0,1
83,75.0,100.0,1
70,75.0,100.0,1
99,70.0,90.0,1
140,50.0,80.0,1
103,56.8181818182,37.7272727273,1
140,43.3333333333,50.0,1
140,54.1666666667,83.3333333333,1
97,0.0,0.0,1
88,56.8181818182,37.7272727273,1
138,43.3333333333,50.0,1
140,0.0,50.0,1
140,54.1666666667,83.3333333333,1
140,0.0,50.0,1
140,54.1666666667,83.3333333333,1
85,0.0,0.0,1
129,100.0,100.0,1
102,0.0,0.0,1
107,0.0,0.0,1
135,0.0,0.0,1
117,100.0,100.0,1
109,100.0,100.0,1
122,100.0,100.0,1
139,0.0,0.0,1
122,100.0,100.0,1
139,0.0,0.0,1
130,0.0,40.0,1
116,0.0,0.0,1
142,70.0,90.0,1
122,100.0,100.0,1
122,100.0,100.0,1
104,100.0,100.0,1
140,0.0,0.0,1
110,0.0,40.0,1
140,0.0,0.0,1
143,-4.28571428571,58.5714285714,1
97,0.0,0.0,1
133,0.0,0.0,1
140,0.0,0.0,1
142,0.0,0.0,1
133,0.0,0.0,1
85,0.0,0.0,1
82,100.0,40.0,1
91,0.0,0.0,1
98,0.0,0.0,1
88,0.0,0.0,1
71,0.0,0.0,1
78,0.0,0.0,1
70,0.0,0.0,1
64,0.0,0.0,1
30,0.0,100.0,1
86,70.0,60.0,1
140,0.0,0.0,1
140,10.0,21.25,1
130,0.0,40.0,1
135,0.0,0.0,1
140,0.0,50.0,1
82,0.0,0.0,1
140,0.0,0.0,1
140,0.0,6.38888888889,1
140,0.0,50.0,1
110,0.0,40.0,1
82,100.0,40.0,1
143,-4.28571428571,58.5714285714,1
140,0.0,0.0,1
140,-4.28571428571,58.5714285714,1
140,0.0,0.0,1
97,0.0,0.0,1
39,0.0,0.0,1
138,0.0,0.0,1
140,0.0,0.0,1
149,13.6363636364,45.4545454545,1
85,0.0,0.0,1
94,40.0,80.0,1
60,0.0,0.0,1
146,0.0,0.0,1
133,0.0,0.0,1
119,0.0,0.0,1
145,0.0,0.0,1
120,16.6666666667,16.6666666667,1
141,0.0,100.0,1
146,0.0,0.0,1
130,0.0,40.0,1
47,30.0,10.0,1
110,0.0,40.0,1
139,22.7272727273,54.5454545455,1
118,40.0,80.0,1
140,22.7272727273,54.5454545455,1
97,0.0,0.0,1
140,62.5,100.0,1
85,0.0,0.0,1
137,0.0,0.0,1
138,0.0,50.0,1
141,0.0,100.0,1
146,0.0,0.0,1
140,0.0,8.33333333333,1
140,0.0,0.0,1
130,0.0,40.0,1
140,26.8181818182,62.7272727273,1
140,26.8181818182,62.7272727273,1
69,-100.0,100.0,1
140,26.8181818182,62.7272727273,1
146,0.0,0.0,1
135,0.0,0.0,1
137,0.0,0.0,1
140,68.75,67.5,1
110,0.0,40.0,1
140,0.0,6.38888888889,1
140,0.0,35.7142857143,1
136,0.0,0.0,1
121,20.0,30.0,1
129,0.0,6.38888888889,1
116,0.0,40.0,1
97,0.0,0.0,1
146,25.0,90.0,1
96,12.5,19.6428571429,1
140,62.5,100.0,1
142,0.0,0.0,1
140,0.0,0.0,1
146,0.0,0.0,1
95,0.0,40.0,1
85,0.0,0.0,1
67,60.0,80.0,1
140,38.8095238095,73.0952380952,1
87,9.52380952381,38.6904761905,1
140,50.0,50.0,1
61,0.0,0.0,1
130,0.0,40.0,1
128,22.4242424242,56.9696969697,1
139,-16.6666666667,6.66666666667,1
114,12.5,56.25,1
146,25.0,90.0,1
135,0.0,0.0,1
139,-12.5,37.5,1
97,12.5,56.25,1
99,20.0,30.0,1
140,0.0,0.0,1
140,0.0,50.0,1
110,0.0,40.0,1
140,0.0,0.0,1
140,62.5,100.0,1
140,-10.0,10.0,1
113,20.0,40.0,1
125,0.0,0.0,1
45,0.0,0.0,1
150,0.0,0.0,1
140,0.0,50.0,1
46,0.0,0.0,1
87,0.0,0.0,1
140,8.33333333333,58.3333333333,1
140,0.0,0.0,1
140,0.0,0.0,1
116,17.8787878788,64.0404040404,1
75,0.0,0.0,1
131,0.0,0.0,1
140,-6.25,18.75,1
83,0.0,0.0,1
146,0.0,0.0,1
139,40.0,80.0,1
140,0.0,100.0,1
129,0.0,40.0,1
139,0.0,100.0,1
140,20.0,23.3333333333,1
135,0.0,0.0,1
121,0.0,0.0,1
109,0.0,40.0,1
105,65.0,60.0,1
108,65.0,60.0,1
97,0.0,0.0,1
90,0.0,40.0,1
140,0.0,0.0,1
112,0.0,0.0,1
112,0.0,0.0,1
98,20.0,40.0,1
98,20.0,40.0,1
140,0.0,50.0,1
90,65.0,60.0,1
90,65.0,60.0,1
90,65.0,60.0,1
145,0.0,0.0,1
85,0.0,0.0,1
43,-10.0,40.0,1
140,62.5,100.0,1
146,0.0,0.0,1
109,0.0,0.0,1
37,0.0,0.0,1
131,0.0,40.0,1
140,62.5,100.0,1
144,50.0,65.0,1
144,50.0,65.0,1
140,0.0,0.0,1
111,0.0,40.0,1
72,0.0,0.0,1
117,0.0,0.0,1
52,0.0,0.0,1
97,0.0,0.0,1
140,45.0,60.0,1
96,0.0,0.0,1
140,0.0,50.0,1
140,0.0,0.0,1
140,62.5,100.0,1
87,0.0,0.0,1
90,0.0,40.0,1
44,0.0,35.0,1
111,0.0,40.0,1
97,0.0,0.0,1
83,0.0,0.0,1
140,0.0,0.0,1
143,-30.6818181818,72.7272727273,1
78,80.0,75.0,1
137,13.6363636364,45.4545454545,1
149,0.0,0.0,1
140,0.0,50.0,1
140,0.0,0.0,1
97,0.0,0.0,1
146,0.0,0.0,1
121,0.0,10.0,1
145,0.0,0.0,1
85,0.0,0.0,1
145,0.0,0.0,1
137,0.0,0.0,1
145,0.0,0.0,1
136,0.0,35.7142857143,1
145,0.0,0.0,1
140,0.0,0.0,1
142,10.101010101,42.9292929293,1
131,0.0,40.0,1
144,-2.38095238095,10.4761904762,1
140,0.0,50.0,1
128,0.0,0.0,1
150,0.0,0.0,1
140,0.0,0.0,1
140,-30.0,20.0,1
33,0.0,0.0,1
130,10.101010101,42.9292929293,1
111,0.0,40.0,1
135,0.0,0.0,1
140,37.2222222222,57.7777777778,1
82,40.0,80.0,1
144,90.0,57.5,1
139,40.0,80.0,1
140,10.7142857143,25.0,1
56,25.0,25.0,1
73,0.0,0.0,1
122,37.2222222222,57.7777777778,1
97,0.0,0.0,1
140,13.3333333333,38.5714285714,1
110,68.75,52.5,1
140,13.3333333333,38.5714285714,1
140,13.3333333333,38.5714285714,1
140,62.5,100.0,1
85,0.0,0.0,1
146,0.0,0.0,1
140,0.0,0.0,1
131,0.0,40.0,1
140,12.5,40.0,1
117,100.0,40.0,1
95,68.75,52.5,1
111,0.0,40.0,1
82,100.0,40.0,1
135,0.0,0.0,1
140,0.0,0.0,1
131,31.2121212121,68.4848484848,1
146,25.0,90.0,1
139,40.0,80.0,1
140,12.5,40.0,1
140,12.5,40.0,1
97,0.0,0.0,1
140,0.0,50.0,1
77,20.0,73.3333333333,1
146,25.0,90.0,1
140,62.5,100.0,1
140,40.0,80.0,1
85,0.0,0.0,1
140,0.0,50.0,1
146,25.0,90.0,1
146,25.0,90.0,1
140,13.3333333333,38.5714285714,1
113,-45.0,75.0,1
146,25.0,90.0,1
140,40.0,80.0,1
72,40.0,80.0,1
131,0.0,40.0,1
140,3.33333333333,66.6666666667,1
140,0.0,0.0,1
140,0.0,0.0,1
111,0.0,40.0,1
140,40.0,80.0,1
140,0.0,0.0,1
67,40.0,80.0,1
135,40.0,80.0,1
140,0.0,0.0,1
140,0.0,0.0,1
146,0.0,0.0,1
97,0.0,0.0,1
145,0.0,0.0,1
85,0.0,0.0,1
149,13.6363636364,45.4545454545,1
144,-2.38095238095,10.4761904762,1
131,0.0,40.0,1
108,40.0,80.0,1
146,0.0,0.0,1
146,0.0,0.0,1
111,0.0,40.0,1
142,2.5,52.5,1
94,40.0,80.0,1
140,0.0,0.0,1
77,0.0,75.0,1
130,26.3494318182,67.5,1
135,0.0,0.0,1
100,0.0,0.0,1
57,0.0,75.0,1
97,0.0,0.0,1
115,0.0,0.0,1
140,0.0,0.0,1
85,0.0,0.0,1
145,0.0,0.0,1
145,0.0,0.0,1
145,0.0,0.0,1
78,0.0,0.0,1
146,0.0,0.0,1
142,0.0,0.0,1
131,0.0,40.0,1
140,0.0,0.0,1
142,0.0,0.0,1
111,0.0,40.0,1
139,0.0,0.0,1
135,0.0,0.0,1
140,0.0,0.0,1
40,0.0,0.0,1
97,0.0,0.0,1
140,0.0,0.0,1
140,0.0,0.0,1
49,0.0,0.0,1
85,0.0,0.0,1
46,0.0,0.0,1
82,100.0,40.0,1
142,70.0,90.0,1
82,0.0,0.0,1
119,43.3333333333,83.3333333333,1
139,6.81818181818,47.7272727273,1
133,0.0,0.0,1
127,40.0,80.0,1
134,40.0,80.0,1
108,40.0,80.0,1
131,40.0,80.0,1
131,0.0,40.0,1
123,43.3333333333,83.3333333333,1
140,0.0,75.0,1
108,43.3333333333,83.3333333333,1
120,43.3333333333,83.3333333333,1
108,43.3333333333,83.3333333333,1
112,43.3333333333,83.3333333333,1
140,0.0,0.0,1
111,0.0,40.0,1
108,43.3333333333,83.3333333333,1
129,30.0,0.0,1
140,0.0,0.0,1
138,0.0,0.0,1
150,0.0,0.0,1
135,0.0,0.0,1
108,30.0,0.0,1
97,0.0,0.0,1
117,40.0,80.0,1
140,0.0,75.0,1
119,50.0,50.0,1
147,0.0,0.0,1
85,0.0,0.0,1
103,40.0,80.0,1
140,0.0,50.0,1
110,30.0,75.0,1
146,0.0,0.0,1
145,0.0,0.0,1
120,50.0,80.0,1
146,0.0,0.0,1
140,20.0,30.0,1
146,0.0,0.0,1
104,-80.0,80.0,1
139,68.75,55.0,1
131,0.0,40.0,1
84,-80.0,80.0,1
140,68.75,55.0,1
144,-2.38095238095,10.4761904762,1
92,100.0,40.0,1
111,0.0,40.0,1
140,12.5,16.6666666667,1
140,3.33333333333,66.6666666667,1
138,12.5,16.6666666667,1
132,3.33333333333,66.6666666667,1
140,0.0,0.0,1
146,100.0,30.0,1
146,100.0,30.0,1
97,0.0,0.0,1
140,30.0,10.0,1
144,-2.38095238095,10.4761904762,1
97,0.0,0.0,1
145,43.3333333333,83.3333333333,1
85,0.0,0.0,1
139,6.81818181818,47.7272727273,1
140,20.0,66.6666666667,1
118,0.0,0.0,1
146,100.0,30.0,1
146,100.0,30.0,1
145,2.5,40.0,1
140,0.0,0.0,1
130,0.0,40.0,1
140,62.5,100.0,1
119,30.0,10.0,1
140,0.0,0.0,1
144,50.0,60.0,1
142,0.0,0.0,1
144,50.0,60.0,1
110,0.0,40.0,1
140,0.0,0.0,1
128,0.0,0.0,1
89,0.0,100.0,1
140,0.0,50.0,1
135,0.0,0.0,1
118,50.0,80.0,1
97,0.0,0.0,1
146,0.0,0.0,1
85,0.0,0.0,1
132,62.5,90.0,1
131,0.0,40.0,1
121,6.66666666667,13.3333333333,1
144,0.0,0.0,1
111,0.0,40.0,1
82,100.0,40.0,1
60,0.0,0.0,1
144,-2.38095238095,10.4761904762,1
145,-29.1666666667,54.1666666667,1
140,0.3125,60.0,1
97,0.0,0.0,1
99,45.0,65.0,1
84,15.0,55.0,1
51,55.0,70.0,1
85,0.0,0.0,1
63,0.0,0.0,1
145,-29.1666666667,54.1666666667,1
132,30.0,10.0,1
146,0.0,0.0,1
144,62.5,31.6666666667,1
143,0.0,0.0,1
131,0.0,40.0,1
137,8.33333333333,58.3333333333,1
129,25.0,90.0,1
140,0.0,0.0,1
124,43.3333333333,83.3333333333,1
111,0.0,40.0,1
140,20.0,66.6666666667,1
143,25.0,33.3333333333,1
140,13.6363636364,45.4545454545,1
132,20.0,66.6666666667,1
149,30.0,60.0,1
150,0.0,0.0,1
97,0.0,0.0,1
97,0.0,0.0,1
135,0.0,0.0,1
108,43.3333333333,83.3333333333,1
142,30.0,60.0,1
148,0.0,0.0,1
128,10.0,15.0,1
146,0.0,0.0,1
85,0.0,0.0,1
62,50.0,62.5,1
138,0.0,0.0,1
102,0.0,14.2857142857,1
52,0.0,0.0,1
115,5.0,75.0,1
115,5.0,75.0,1
98,5.0,75.0,1
57,0.0,0.0,1
144,-2.38095238095,10.4761904762,1
140,0.0,0.0,1
140,0.0,0.0,1
131,0.0,40.0,1
140,0.0,0.0,1
140,0.3125,60.0,1
142,0.0,0.0,1
140,0.0,0.0,1
142,0.0,0.0,1
111,0.0,40.0,1
95,0.0,0.0,1
85,0.0,0.0,1
75,0.0,0.0,1
65,0.0,0.0,1
139,16.6666666667,66.6666666667,1
140,0.3125,60.0,1
144,50.0,60.0,1
140,0.0,0.0,1
140,56.6666666667,73.3333333333,1
144,-2.38095238095,10.4761904762,1
97,0.0,0.0,1
135,25.8333333333,31.6666666667,1
146,0.0,0.0,1
135,0.0,0.0,1
138,50.0,50.0,1
140,6.81818181818,22.7272727273,1
85,0.0,0.0,1
124,0.0,12.5,1
145,0.0,0.0,1
145,0.0,0.0,1
139,0.0,100.0,1
18,0.0,0.0,1
131,0.0,40.0,1
147,0.0,0.0,1
144,-2.38095238095,10.4761904762,1
144,-2.38095238095,10.4761904762,1
144,-2.38095238095,10.4761904762,1
143,-2.38095238095,10.4761904762,1
111,0.0,40.0,1
100,0.0,0.0,1
97,0.0,0.0,1
140,0.0,0.0,1
137,8.33333333333,58.3333333333,1
146,0.0,0.0,1
85,0.0,0.0,1
101,0.0,0.0,1
59,0.0,0.0,1
140,13.6363636364,45.4545454545,1
140,13.6363636364,45.4545454545,1
135,-13.3333333333,60.0,1
147,0.0,0.0,1
146,0.0,0.0,1
146,0.0,0.0,1
131,0.0,40.0,1
148,0.0,0.0,1
140,45.0,85.0,1
111,0.0,40.0,1
86,0.0,0.0,1
67,0.0,0.0,1
97,0.0,0.0,1
140,0.0,0.0,1
85,0.0,0.0,1
146,0.0,0.0,1
144,0.0,0.0,1
131,0.0,40.0,1
140,62.5,100.0,1
24,0.0,0.0,1
111,0.0,40.0,1
93,50.0,50.0,1
140,0.0,0.0,1
140,0.0,0.0,1
73,50.0,50.0,1
137,8.33333333333,58.3333333333,1
128,0.0,0.0,1
117,8.33333333333,58.3333333333,1
140,0.0,0.0,1
122,100.0,100.0,1
97,0.0,0.0,1
144,50.0,60.0,1
140,25.8333333333,50.0,1
136,50.0,60.0,1
139,80.0,75.0,1
85,0.0,0.0,1
38,0.0,0.0,1
139,80.0,75.0,1
140,13.6363636364,45.4545454545,1
135,0.0,0.0,1
145,43.3333333333,83.3333333333,1
121,62.5,60.0,1
146,0.0,0.0,1
140,0.0,0.0,1
131,0.0,40.0,1
86,0.0,0.0,1
140,70.0,60.0,1
146,100.0,30.0,1
146,100.0,30.0,1
140,0.0,0.0,1
111,0.0,40.0,1
122,40.0,51.25,1
74,35.0,65.0,1
103,40.0,51.25,1
145,40.0,40.0,1
140,0.0,57.5,1
97,0.0,0.0,1
139,41.6666666667,68.8888888889,1
146,0.0,0.0,1
85,0.0,0.0,1
149,0.0,0.0,1
140,40.0,40.0,1
149,0.0,0.0,1
147,0.0,0.0,1
135,0.0,0.0,1
146,0.0,0.0,1
127,0.0,0.0,1
130,0.0,0.0,1
131,0.0,40.0,1
108,40.0,80.0,1
107,0.0,0.0,1
110,0.0,0.0,1
140,0.0,0.0,1
140,0.0,100.0,1
145,0.0,0.0,1
140,0.0,0.0,1
140,0.0,0.0,1
111,0.0,40.0,1
94,40.0,80.0,1
140,0.0,0.0,1
140,13.6363636364,45.4545454545,1
64,70.0,60.0,1
140,0.0,0.0,1
139,0.0,62.5,1
22,0.0,0.0,1
132,100.0,100.0,1
127,0.0,0.0,1
97,0.0,0.0,1
90,0.0,40.0,1
114,100.0,100.0,1
85,0.0,0.0,1
140,-12.5,36.6666666667,1
72,0.0,40.0,1
142,70.0,90.0,1
140,0.0,0.0,1
135,0.0,0.0,1
140,0.0,0.0,1
140,25.8333333333,50.0,1
140,25.8333333333,50.0,1
131,0.0,40.0,1
120,37.5,75.0,1
131,0.0,40.0,1
140,13.6363636364,45.4545454545,1
100,37.5,75.0,1
111,0.0,40.0,1
140,0.0,0.0,1
140,37.2222222222,57.7777777778,1
146,0.0,0.0,1
122,37.2222222222,57.7777777778,1
97,0.0,0.0,1
135,13.6363636364,45.4545454545,1
85,0.0,0.0,1
93,10.0,20.0,1
140,62.5,100.0,1
119,10.0,20.0,1
140,0.0,50.0,1
140,0.0,50.0,1
99,10.0,20.0,1
140,62.5,100.0,1
140,0.0,50.0,1
79,25.0,100.0,1
135,0.0,0.0,1
94,32.5,80.0,1
140,62.5,100.0,1
131,31.2121212121,68.4848484848,1
86,22.4242424242,58.4848484848,1
33,-40.0,60.0,1
140,62.5,100.0,1
80,0.0,12.5,1
150,0.0,0.0,1
131,0.0,40.0,1
96,50.0,73.3333333333,1
106,10.0,40.0,1
142,0.0,0.0,1
129,0.0,0.0,1
88,10.0,40.0,1
111,0.0,40.0,1
98,10.0,40.0,1
146,0.0,0.0,1
140,47.7777777778,53.8888888889,1
140,13.6363636364,45.4545454545,1
146,0.0,0.0,1
146,0.0,0.0,1
139,50.0,62.5,1
99,46.6666666667,73.3333333333,1
140,15.2840909091,43.8636363636,1
87,0.0,0.0,1
140,62.5,100.0,1
99,22.4242424242,58.4848484848,1
124,22.4242424242,58.4848484848,1
150,13.6363636364,45.4545454545,1
149,13.6363636364,45.4545454545,1
140,6.81818181818,47.7272727273,1
75,0.0,0.0,1
74,35.0,65.0,1
83,0.0,0.0,1
140,70.0,60.0,1
70,0.0,0.0,1
145,0.0,0.0,1
140,62.5,100.0,1
143,0.0,0.0,1
137,70.0,60.0,1
146,0.0,0.0,1
54,35.0,65.0,1
71,0.0,0.0,1
135,0.0,0.0,1
71,0.0,0.0,1
131,0.0,40.0,1
45,0.0,0.0,1
140,0.0,0.0,1
143,-4.28571428571,58.5714285714,1
140,0.0,0.0,1
111,0.0,40.0,1
140,-7.5,25.0,1
140,0.0,0.0,1
140,0.0,0.0,1
130,-7.5,25.0,1
97,0.0,0.0,1
35,0.0,0.0,1
85,0.0,0.0,1
89,0.0,0.0,1
146,0.0,0.0,1
140,0.0,50.0,1
26,0.0,0.0,1
72,0.0,0.0,1
140,40.0,40.0,1
60,0.0,0.0,1
129,0.0,0.0,1
55,0.0,0.0,1
140,40.0,40.0,1
140,0.0,36.6666666667,1
145,25.0,36.6666666667,1
97,0.0,0.0,1
61,31.25,50.0,1
140,0.0,0.0,1
141,0.0,0.0,1
140,25.0,50.0,1
140,30.0,20.0,1
140,25.0,44.4444444444,1
140,-12.5,100.0,1
140,-4.375,45.0,1
140,-5.0,28.3333333333,1
130,0.0,0.0,1
121,33.3333333333,50.0,1
140,0.0,6.25,1
140,12.5,100.0,1
140,-29.1666666667,54.1666666667,1
131,0.0,36.6666666667,1
140,-25.625,48.5416666667,1
140,0.0,3.84615384615,1
97,0.0,0.0,1
140,40.0,40.0,1
140,0.0,36.6666666667,1
123,0.0,36.6666666667,1
140,40.0,40.0,1
140,40.0,40.0,1
140,50.0,50.0,1
85,0.0,0.0,1
118,0.0,0.0,1
47,0.0,0.0,1
110,68.75,52.5,1
146,0.0,0.0,1
110,68.75,52.5,1
131,0.0,36.6666666667,1
140,21.6666666667,66.6666666667,1
131,0.0,36.6666666667,1
137,0.0,36.6666666667,1
28,0.0,0.0,1
137,0.0,36.6666666667,1
81,-3.75,56.25,1
130,100.0,30.0,1
36,0.0,0.0,1
131,0.0,40.0,1
131,0.0,36.6666666667,1
133,0.0,36.6666666667,1
137,0.0,36.6666666667,1
139,0.0,36.6666666667,1
128,0.0,36.6666666667,1
122,0.0,0.0,1
107,0.0,36.6666666667,1
139,0.0,36.6666666667,1
107,0.0,36.6666666667,1
116,100.0,30.0,1
23,0.0,0.0,1
140,16.6666666667,16.6666666667,1
111,0.0,40.0,1
132,44.8148148148,36.2962962963,1
134,44.8148148148,36.2962962963,1
97,0.0,0.0,1
111,0.0,0.0,1
136,0.0,0.0,1
149,0.0,0.0,1
129,0.0,0.0,1
80,0.0,0.0,1
129,0.0,0.0,1
77,0.0,0.0,1
91,0.0,0.0,1
141,50.0,50.0,1
86,0.0,0.0,1
111,0.0,0.0,1
147,0.0,0.0,1
140,62.5,100.0,1
140,50.0,50.0,1
97,0.0,0.0,1
145,21.25,36.6666666667,1
9,0.0,0.0,1
142,0.0,0.0,1
140,50.0,50.0,1
146,0.0,0.0,1
85,0.0,0.0,1
71,0.0,0.0,1
136,50.0,50.0,1
138,0.0,0.0,1
136,0.0,0.0,1
103,65.0,75.0,1
145,11.6666666667,32.2222222222,1
140,0.0,0.0,1
128,0.0,0.0,1
140,30.0,70.0,1
146,0.0,0.0,1
140,0.0,10.0,1
145,0.0,0.0,1
140,16.8181818182,37.7272727273,1
140,100.0,75.0,1
80,0.0,0.0,1
80,0.0,0.0,1
84,0.0,0.0,1
117,0.0,50.0,1
134,35.0,55.0,1
136,55.7142857143,82.1428571429,1
131,0.0,40.0,1
149,13.6363636364,45.4545454545,1
137,29.2857142857,26.7857142857,1
137,29.2857142857,26.7857142857,1
106,0.0,0.0,1
97,0.0,50.0,1
114,35.0,55.0,1
116,55.7142857143,82.1428571429,1
145,0.0,0.0,1
112,29.2857142857,26.7857142857,1
111,0.0,40.0,1
136,100.0,30.0,1
139,44.8148148148,36.2962962963,1
106,0.0,0.0,1
144,40.0,40.0,1
121,100.0,30.0,1
135,0.0,0.0,1
61,0.0,0.0,1
140,6.42857142857,22.1428571429,1
142,0.0,0.0,1
140,62.5,100.0,1
92,0.0,0.0,1
97,0.0,0.0,1
90,0.0,40.0,1
141,0.0,0.0,1
139,0.0,0.0,1
61,0.0,100.0,1
105,42.2222222222,29.4444444444,1
98,0.0,0.0,1
140,21.6666666667,66.6666666667,1
85,0.0,0.0,1
67,0.0,0.0,1
141,0.0,0.0,1
72,0.0,40.0,1
80,38.0,72.0,1
140,0.0,0.0,1
66,38.0,72.0,1
39,0.0,0.0,1
140,0.0,0.0,1
35,40.0,100.0,1
130,0.0,40.0,1
140,0.0,0.0,1
142,0.0,0.0,1
139,38.3333333333,57.5,1
140,21.6666666667,38.3333333333,1
110,0.0,40.0,1
136,100.0,30.0,1
132,0.0,0.0,1
132,44.8148148148,36.2962962963,1
140,16.0,54.0,1
80,0.0,0.0,1
62,65.0,100.0,1
140,0.0,10.0,1
144,70.0,55.0,1
135,0.0,0.0,1
141,0.0,0.0,1
51,0.0,0.0,1
140,0.0,0.0,1
111,0.0,0.0,1
136,0.0,0.0,1
97,0.0,0.0,1
140,9.375,57.5,1
117,0.0,0.0,1
54,40.0,80.0,1
85,0.0,0.0,1
91,0.0,0.0,1
126,9.375,57.5,1
140,62.5,100.0,1
80,0.0,0.0,1
140,30.0,36.6666666667,1
46,0.0,0.0,1
140,0.0,0.0,1
80,0.0,0.0,1
66,0.0,0.0,1
142,70.0,55.0,1
97,0.0,0.0,1
31,0.0,0.0,1
69,0.0,0.0,1
141,0.0,0.0,1
138,0.0,0.0,1
61,0.0,0.0,1
132,5.0,100.0,1
128,16.0,54.0,1
98,0.0,0.0,1
96,0.0,0.0,1
128,16.0,54.0,1
131,0.0,40.0,1
98,0.0,0.0,1
79,0.0,0.0,1
76,0.0,0.0,1
23,0.0,0.0,1
108,16.0,54.0,1
82,-25.0,80.0,1
142,70.0,90.0,1
141,0.0,0.0,1
135,20.0,20.0,1
29,0.0,0.0,1
108,43.3333333333,83.3333333333,1
78,0.0,0.0,1
121,0.0,10.0,1
108,43.3333333333,83.3333333333,1
112,43.3333333333,83.3333333333,1
108,43.3333333333,83.3333333333,1
123,20.0,20.0,1
139,0.0,0.0,1
111,0.0,40.0,1
140,0.0,0.0,1
133,44.8148148148,36.2962962963,1
137,100.0,30.0,1
140,-20.0,10.0,1
39,0.0,0.0,1
140,0.0,0.0,1
135,-20.0,10.0,1
140,0.0,0.0,1
22,0.0,0.0,1
140,0.0,0.0,1
140,0.0,0.0,1
135,0.0,0.0,1
81,0.0,0.0,1
87,0.0,0.0,1
61,0.0,0.0,1
145,0.0,0.0,1
66,0.0,0.0,1
145,0.0,0.0,1
75,0.0,0.0,1
92,40.0,80.0,1
117,40.0,80.0,1
145,0.0,0.0,1
45,0.0,0.0,1
146,0.0,0.0,1
97,0.0,0.0,1
129,0.0,40.0,1
122,0.0,0.0,1
119,0.0,10.0,1
92,100.0,40.0,1
140,0.0,0.0,1
101,0.0,0.0,1
147,0.0,0.0,1
109,0.0,40.0,1
137,0.0,0.0,1
133,44.8148148148,36.2962962963,1
88,0.0,0.0,1
146,0.0,0.0,1
64,0.0,0.0,1
85,50.0,100.0,1
146,0.0,0.0,1
85,0.0,0.0,1
140,13.6363636364,45.4545454545,1
141,0.0,0.0,1
146,0.0,0.0,1
68,0.0,0.0,1
44,0.0,0.0,1
65,50.0,100.0,1
94,-25.0,25.0,1
135,0.0,0.0,1
97,0.0,0.0,1
72,20.0,54.0,1
146,43.3333333333,83.3333333333,1
80,0.0,0.0,1
146,0.0,0.0,1
85,0.0,0.0,1
139,-10.0,23.3333333333,1
38,-62.5,100.0,1
145,43.3333333333,83.3333333333,1
140,25.0,25.0,1
22,-62.5,100.0,1
37,0.0,0.0,1
113,5.0,60.0,1
85,35.0,55.0,1
131,0.0,40.0,1
133,0.0,0.0,1
70,35.0,55.0,1
146,100.0,30.0,1
124,6.81818181818,56.0606060606,1
116,0.0,0.0,1
140,0.0,50.0,1
146,0.0,0.0,1
111,0.0,40.0,1
147,0.0,0.0,1
136,44.8148148148,36.2962962963,1
72,0.0,0.0,1
132,30.0,10.0,1
140,0.0,0.0,1
85,0.0,0.0,1
140,25.0,25.0,1
140,25.0,25.0,1
132,-27.5,45.0,1
95,0.0,0.0,1
66,0.0,0.0,1
97,0.0,0.0,1
108,40.0,80.0,1
135,0.0,0.0,1
72,0.0,0.0,1
120,0.0,0.0,1
140,25.0,25.0,1
140,0.0,0.0,1
85,0.0,0.0,1
94,40.0,80.0,1
72,0.0,0.0,1
140,80.0,75.0,1
140,62.5,100.0,1
140,0.0,0.0,1
121,0.0,10.0,1
53,0.0,0.0,1
140,0.0,0.0,1
142,0.0,0.0,1
142,0.0,0.0,1
142,0.0,0.0,1
142,0.0,0.0,1
142,0.0,0.0,1
131,0.0,0.0,1
137,0.0,0.0,1
140,80.0,75.0,1
131,0.0,40.0,1
131,80.0,75.0,1
131,58.0,42.0,1
145,-29.1666666667,54.1666666667,1
146,0.0,0.0,1
139,16.6666666667,16.6666666667,1
140,0.0,0.0,1
140,0.0,0.0,1
111,0.0,0.0,1
140,0.0,0.0,1
140,0.0,0.0,1
140,0.0,0.0,1
111,0.0,40.0,1
140,0.0,0.0,1
140,16.6666666667,16.6666666667,1
140,25.0,25.0,1
146,0.0,0.0,1
140,25.0,25.0,1
83,0.0,0.0,1
140,62.5,100.0,1
97,43.75,67.5,1
97,0.0,0.0,1
129,12.5,55.0,1
135,0.0,0.0,1
140,0.0,0.0,1
97,0.0,0.0,1
141,0.0,0.0,1
85,0.0,0.0,1
140,-20.0,27.5,1
110,12.5,55.0,1
140,0.0,0.0,1
140,0.0,0.0,1
146,0.0,0.0,1
144,0.0,0.0,1
131,0.0,40.0,1
146,0.0,0.0,1
132,0.0,0.0,1
146,0.0,0.0,1
137,0.0,0.0,1
111,0.0,40.0,1
140,25.0,25.0,1
140,0.0,0.0,1
140,0.0,0.0,1
140,0.0,0.0,1
140,25.0,25.0,1
140,0.0,0.0,1
144,50.0,60.0,1
140,25.0,25.0,1
140,0.0,0.0,1
145,2.5,40.0,1
140,0.0,0.0,1
97,0.0,0.0,1
90,0.0,40.0,1
140,25.0,25.0,1
140,0.0,0.0,1
135,0.0,0.0,1
139,0.0,0.0,1
85,0.0,0.0,1
108,43.3333333333,83.3333333333,1
72,0.0,40.0,1
80,-15.0,40.0,1
124,26.8181818182,62.7272727273,1
150,0.0,0.0,1
140,0.0,0.0,1
140,25.0,25.0,1
150,0.0,0.0,1
150,0.0,0.0,1
145,0.0,0.0,1
131,0.0,40.0,1
150,0.0,0.0,1
148,0.0,0.0,1
140,25.0,25.0,1
140,0.0,0.0,1
111,0.0,40.0,1
140,37.2222222222,57.7777777778,1
140,0.0,25.0,1
140,0.0,50.0,1
140,0.0,0.0,1
122,37.2222222222,57.7777777778,1
140,0.0,25.0,1
97,0.0,0.0,1
146,0.0,0.0,1
146,0.0,0.0,1
131,0.0,25.0,1
97,30.625,81.25,1
140,25.0,25.0,1
140,25.0,25.0,1
135,0.0,0.0,1
85,0.0,0.0,1
145,0.0,0.0,1
140,0.0,100.0,1
148,0.0,0.0,1
140,0.0,0.0,1
139,0.0,0.0,1
144,50.0,60.0,1
130,0.0,40.0,1
132,0.0,0.0,1
147,0.0,0.0,1
67,0.0,0.0,1
110,0.0,40.0,1
147,0.0,0.0,1
147,0.0,0.0,1
140,62.5,100.0,1
97,0.0,0.0,1
97,0.0,0.0,1
85,0.0,0.0,1
135,0.0,0.0,1
146,0.0,0.0,1
70,0.0,0.0,1
146,0.0,0.0,1
146,0.0,0.0,1
123,25.0,50.0,1
113,80.0,75.0,1
106,20.0,10.0,1
89,-20.8333333333,16.6666666667,1
131,0.0,40.0,1
140,0.0,0.0,1
93,80.0,75.0,1
86,20.0,10.0,1
69,-20.8333333333,16.6666666667,1
40,20.0,30.0,1
145,0.0,0.0,1
71,0.0,0.0,1
144,50.0,60.0,1
71,0.0,0.0,1
111,0.0,40.0,1
127,0.0,0.0,1
146,-29.1666666667,54.1666666667,1
67,40.0,80.0,1
146,-29.1666666667,54.1666666667,1
140,0.0,0.0,1
97,0.0,0.0,1
140,0.0,0.0,1
100,0.0,0.0,1
85,0.0,0.0,1
87,80.0,75.0,1
140,18.3333333333,68.3333333333,1
140,0.0,50.0,1
115,71.875,80.0,1
146,-29.1666666667,54.1666666667,1
31,0.0,0.0,1
144,0.0,0.0,1
139,42.9761904762,53.3333333333,1
130,0.0,40.0,1
83,0.0,0.0,1
108,0.0,0.0,1
145,-29.1666666667,54.1666666667,1
110,0.0,40.0,1
135,0.0,0.0,1
44,0.0,0.0,1
140,0.0,0.0,1
139,20.6060606061,39.5833333333,1
97,0.0,0.0,1
89,0.0,0.0,1
140,0.0,0.0,1
140,24.7272727273,45.0,1
146,0.0,0.0,1
140,0.0,0.0,1
140,13.3333333333,38.5714285714,1
143,8.52864583333,29.1666666667,1
85,0.0,0.0,1
146,100.0,30.0,1
30,0.0,0.0,1
135,0.0,0.0,1
95,0.0,0.0,1
131,0.0,40.0,1
116,70.0,60.0,1
75,0.0,0.0,1
146,43.3333333333,83.3333333333,1
140,0.0,50.0,1
145,43.3333333333,83.3333333333,1
145,0.0,0.0,1
111,0.0,40.0,1
149,0.0,0.0,1
102,70.0,60.0,1
140,0.0,0.0,1
97,0.0,0.0,1
140,16.6666666667,66.6666666667,1
140,19.53125,100.0,1
146,0.0,0.0,1
85,0.0,0.0,1
137,0.0,50.0,1
138,20.0,10.0,1
138,20.0,10.0,1
98,20.0,40.0,1
90,65.0,60.0,1
90,65.0,60.0,1
140,-18.75,38.75,1
126,50.0,50.0,1
110,43.3333333333,73.3333333333,1
140,43.3333333333,73.3333333333,1
110,43.3333333333,73.3333333333,1
110,43.3333333333,73.3333333333,1
119,0.0,0.0,1
130,56.25,50.0,1
140,13.6363636364,45.4545454545,1
129,43.3333333333,73.3333333333,1
110,0.0,40.0,1
133,20.0,10.0,1
140,12.1875,58.75,1
140,40.0,40.0,1
94,0.0,0.0,1
114,0.0,0.0,1
140,50.0,100.0,1
112,0.0,0.0,1
140,40.0,40.0,1
110,43.3333333333,73.3333333333,1
110,43.3333333333,73.3333333333,1
99,0.0,0.0,1
99,0.0,0.0,1
140,11.1111111111,20.0,1
56,0.0,0.0,1
125,0.0,0.0,1
134,43.3333333333,73.3333333333,1
125,0.0,50.0,1
69,0.0,0.0,1
123,43.3333333333,73.3333333333,1
140,10.0,35.0,1
140,17.0454545455,45.4545454545,1
94,13.6363636364,50.0,1
83,70.0,60.0,1
96,0.0,0.0,1
35,0.0,0.0,1
140,17.0454545455,45.4545454545,1
107,70.0,60.0,1
140,27.8787878788,35.1515151515,1
139,0.0,10.0,1
43,0.0,0.0,1
80,0.0,0.0,1
37,0.0,0.0,1
141,27.3153409091,73.8636363636,1
140,-5.0,75.0,1
124,70.0,60.0,1
140,-8.33333333333,3.33333333333,1
83,70.0,60.0,1
140,32.5,81.25,1
140,50.0,50.0,1
94,0.0,0.0,1
114,0.0,0.0,1
113,20.0,10.0,1
128,12.1875,58.75,1
74,0.0,0.0,1
94,0.0,0.0,1
122,50.0,100.0,1
146,0.0,0.0,1
140,11.2121212121,27.5,1
141,0.0,0.0,1
140,13.3333333333,38.5714285714,1
140,32.5,81.25,1
140,28.5714285714,53.5714285714,1
97,0.0,0.0,1
139,32.5,81.25,1
108,3.75,35.0,1
140,25.0,32.5,1
110,13.6363636364,45.4545454545,1
141,27.3153409091,73.8636363636,1
140,0.0,0.0,1
140,0.0,0.0,1
127,16.6666666667,16.6666666667,1
71,0.0,0.0,1
100,13.6363636364,50.0,1
107,70.0,60.0,1
140,28.5714285714,53.5714285714,1
134,0.0,0.0,1
131,0.0,0.0,1
83,70.0,60.0,1
124,39.0625,28.3333333333,1
85,0.0,0.0,1
140,40.0,40.0,1
137,40.0,50.0,1
144,100.0,100.0,1
133,37.5,67.5,1
94,13.6363636364,50.0,1
127,-5.0,75.0,1
124,40.0,80.0,1
134,26.8181818182,65.0,1
129,40.0,80.0,1
141,0.0,75.0,1
140,28.5714285714,53.5714285714,1
140,11.2121212121,27.5,1
140,0.0,0.0,1
140,40.0,40.0,1
139,0.0,10.0,1
67,0.0,0.0,1
107,70.0,60.0,1
140,20.0,30.0,1
121,0.0,10.0,1
140,0.0,100.0,1
139,-2.5,22.5,1
140,-18.75,38.75,1
129,0.0,40.0,1
107,70.0,60.0,1
120,27.8787878788,35.1515151515,1
139,-2.5,22.5,1
86,28.75,48.75,1
132,41.8181818182,52.7272727273,1
83,70.0,60.0,1
140,-12.5,36.6666666667,1
107,70.0,60.0,1
140,-12.5,36.6666666667,1
140,31.25,75.0,1
140,0.0,100.0,1
99,40.0,80.0,1
125,0.0,25.0,1
140,20.0,40.0,1
135,0.0,0.0,1
140,40.0,40.0,1
139,-18.75,38.75,1
118,0.0,0.0,1
139,38.6666666667,46.6666666667,1
140,40.0,40.0,1
140,0.0,0.0,1
140,0.0,0.0,1
120,20.0,66.6666666667,1
95,0.0,0.0,1
118,0.0,0.0,1
140,28.5714285714,53.5714285714,1
140,0.0,0.0,1
140,28.5714285714,53.5714285714,1
107,70.0,60.0,1
140,20.0,40.0,1
140,40.0,40.0,1
141,0.0,75.0,1
140,40.0,40.0,1
127,25.0,30.0,1
109,0.0,40.0,1
134,39.8611111111,48.4722222222,1
126,70.0,60.0,1
139,17.2222222222,39.4444444444,1
140,28.5714285714,53.5714285714,1
140,20.0,20.0,1
141,0.0,75.0,1
140,-10.0,70.0,1
37,0.0,0.0,1
140,0.0,0.0,1
141,0.0,75.0,1
140,40.0,40.0,1
137,70.0,60.0,1
140,17.2222222222,39.4444444444,1
140,28.5714285714,53.5714285714,1
140,40.0,40.0,1
83,70.0,60.0,1
140,40.0,40.0,1
140,13.6363636364,45.4545454545,1
140,28.5714285714,53.5714285714,1
141,27.3153409091,73.8636363636,1
140,40.0,40.0,1
140,0.0,0.0,1
135,0.0,0.0,1
97,0.0,0.0,1
139,23.3333333333,56.25,1
140,70.0,60.0,1
83,70.0,60.0,1
141,0.0,75.0,1
140,0.0,0.0,1
140,20.0,20.0,1
129,70.0,60.0,1
116,0.0,0.0,1
133,20.0,20.0,1
99,0.0,0.0,1
115,-9.375,25.0,1
85,0.0,0.0,1
102,20.0,10.0,1
140,23.3333333333,56.25,1
140,20.0,40.0,1
106,15.0,40.0,1
119,26.6666666667,50.0,1
100,0.0,0.0,1
81,0.0,0.0,1
150,0.0,0.0,1
120,20.0,66.6666666667,1
140,-10.0,70.0,1
139,0.0,100.0,1
103,0.0,0.0,1
140,40.0,40.0,1
100,20.0,66.6666666667,1
134,0.0,0.0,1
93,70.0,60.0,1
93,70.0,60.0,1
146,0.0,0.0,1
139,0.0,0.0,1
98,70.0,60.0,1
140,40.0,40.0,1
107,70.0,60.0,1
140,70.0,60.0,1
140,40.0,40.0,1
140,20.0,40.0,1
44,0.0,0.0,1
140,70.0,60.0,1
125,70.0,60.0,1
89,0.0,0.0,1
44,0.0,0.0,1
128,70.0,60.0,1
140,-10.0,70.0,1
123,70.0,60.0,1
140,-12.5,36.6666666667,1
83,70.0,60.0,1
107,70.0,60.0,1
125,-5.0,35.0,1
138,-10.0,70.0,1
140,40.0,40.0,1
107,70.0,60.0,1
140,40.0,40.0,1
140,16.6666666667,83.3333333333,1
140,70.0,60.0,1
23,0.0,0.0,1
140,48.6666666667,56.3333333333,1
140,70.0,60.0,1
121,0.0,0.0,1
140,37.2222222222,57.7777777778,1
128,70.0,60.0,1
140,-17.5,70.0,1
109,70.0,60.0,1
116,70.0,60.0,1
135,0.0,0.0,1
107,70.0,60.0,1
85,0.0,50.0,1
140,70.0,60.0,1
107,70.0,60.0,1
104,70.0,60.0,1
140,0.0,100.0,1
128,70.0,60.0,1
141,48.6666666667,56.3333333333,1
81,0.0,0.0,1
104,70.0,60.0,1
103,70.0,60.0,1
126,70.0,60.0,1
100,70.0,60.0,1
144,0.0,0.0,1
128,0.0,0.0,1
83,70.0,60.0,1
85,70.0,60.0,1
83,70.0,60.0,1
61,0.0,0.0,1
117,-31.25,68.75,1
140,50.0,90.0,1
107,70.0,60.0,1
84,70.0,60.0,1
125,70.0,60.0,1
64,0.0,50.0,1
110,0.0,40.0,1
127,2.5,52.5,1
107,70.0,60.0,1
134,39.8611111111,48.4722222222,1
126,70.0,60.0,1
135,62.5,57.5,1
95,70.0,60.0,1
140,37.2222222222,57.7777777778,1
107,70.0,60.0,1
140,40.0,40.0,1
92,70.0,60.0,1
136,0.0,0.0,1
107,70.0,60.0,1
134,0.0,0.0,1
140,-17.5,70.0,1
137,70.0,60.0,1
83,70.0,60.0,1
140,-1.66666666667,23.3333333333,1
141,27.3153409091,73.8636363636,1
83,70.0,60.0,1
140,0.0,50.0,1
140,-50.0,90.0,1
133,20.0,10.0,1
140,40.0,40.0,1
107,70.0,60.0,1
122,37.2222222222,57.7777777778,1
83,70.0,60.0,1
103,0.0,0.0,1
141,27.3153409091,73.8636363636,1
97,0.0,0.0,1
140,-12.5,37.5,1
140,70.0,60.0,1
107,70.0,60.0,1
59,0.0,0.0,1
117,70.0,60.0,1
92,0.0,0.0,1
107,70.0,60.0,1
140,40.0,40.0,1
128,41.8181818182,52.7272727273,1
107,70.0,60.0,1
140,40.0,40.0,1
138,70.0,60.0,1
140,40.0,40.0,1
141,0.0,75.0,1
138,0.0,10.0,1
140,0.0,37.5,1
140,40.0,40.0,1
141,27.3153409091,73.8636363636,1
107,70.0,60.0,1
107,70.0,60.0,1
107,70.0,60.0,1
138,70.0,60.0,1
97,0.0,0.0,1
133,70.0,60.0,1
85,0.0,0.0,1
83,70.0,60.0,1
140,40.0,40.0,1
121,0.0,0.0,1
106,0.0,5.0,1
109,70.0,60.0,1
129,0.0,0.0,1
107,70.0,60.0,1
107,70.0,60.0,1
139,-12.5,37.5,1
139,0.0,0.0,1
140,0.0,0.0,1
140,0.0,0.0,1
140,40.0,40.0,1
146,0.0,0.0,1
83,70.0,60.0,1
121,70.0,60.0,1
127,70.0,60.0,1
140,60.0,55.0,1
107,70.0,60.0,1
107,70.0,60.0,1
133,50.0,50.0,1
118,0.0,0.0,1
107,70.0,60.0,1
83,70.0,60.0,1
145,0.0,0.0,1
107,70.0,60.0,1
83,70.0,60.0,1
122,70.0,60.0,1
129,70.0,60.0,1
138,70.0,60.0,1
83,70.0,60.0,1
128,41.8181818182,52.7272727273,1
141,27.3153409091,73.8636363636,1
140,17.0833333333,36.6666666667,1
107,70.0,60.0,1
118,61.2121212121,45.1515151515,1
118,61.2121212121,45.1515151515,1
107,70.0,60.0,1
107,70.0,60.0,1
127,70.0,60.0,1
140,70.0,60.0,1
69,0.0,0.0,1
83,70.0,60.0,1
142,1.66666666667,13.3333333333,1
140,40.0,40.0,1
140,25.0,30.0,1
139,36.6666666667,50.0,1
130,0.0,40.0,1
116,70.0,60.0,1
113,0.0,0.0,1
140,25.0,30.0,1
140,40.0,40.0,1
140,0.0,0.0,1
143,25.0,85.0,1
104,80.0,90.0,1
83,80.0,90.0,1
135,0.0,0.0,1
140,0.0,0.0,1
67,0.0,0.0,1
46,0.0,0.0,1
140,25.0,85.0,1
131,36.6666666667,50.0,1
140,-12.5,36.6666666667,1
149,0.0,0.0,1
86,41.6666666667,50.0,1
109,0.0,0.0,1
102,20.0,20.0,1
141,0.0,6.66666666667,1
140,-12.5,37.5,1
109,40.0,90.0,1
112,12.5,100.0,1
64,0.0,40.0,1
141,27.3153409091,73.8636363636,1
140,35.0,51.25,1
140,25.0,42.5,1
146,0.0,0.0,1
52,0.0,0.0,1
140,80.0,100.0,1
92,0.0,0.0,1
140,0.0,0.0,1
97,20.0,10.0,1
107,0.0,0.0,1
122,0.0,0.0,1
142,1.66666666667,13.3333333333,1
97,20.0,10.0,1
140,40.0,40.0,1
135,62.5,57.5,1
82,7.5,40.0,1
140,0.0,0.0,1
110,0.0,40.0,1
135,39.8611111111,48.4722222222,1
109,0.0,0.0,1
102,70.0,60.0,1
95,0.0,0.0,1
140,0.0,0.0,1
86,0.0,0.0,1
98,20.0,55.0,1
140,14.2857142857,26.7857142857,1
55,0.0,0.0,1
48,0.0,0.0,1
60,0.0,0.0,1
140,40.0,67.5,1
140,-12.5,36.6666666667,1
140,0.0,0.0,1
140,0.0,0.0,1
137,0.0,0.0,1
119,0.0,0.0,1
108,31.2121212121,68.4848484848,1
75,0.0,0.0,1
66,0.0,0.0,1
141,27.3153409091,73.8636363636,1
140,40.0,40.0,1
140,50.0,100.0,1
143,0.0,0.0,1
97,0.0,0.0,1
140,20.0,60.0,1
140,40.0,40.0,1
140,40.0,40.0,1
140,50.0,100.0,1
140,100.0,75.0,1
101,0.0,0.0,1
142,0.0,0.0,1
65,0.0,0.0,1
81,10.0,45.0,1
145,0.0,0.0,1
140,10.0,10.0,1
63,0.0,0.0,1
69,0.0,0.0,1
85,0.0,0.0,1
112,44.1666666667,56.6666666667,1
88,0.0,0.0,1
67,0.0,0.0,1
71,0.0,0.0,1
119,0.0,0.0,1
107,96.875,85.0,1
117,25.0,56.25,1
41,0.0,0.0,1
139,39.5238095238,74.1534391534,1
113,16.0,54.0,1
87,0.0,0.0,1
111,0.0,0.0,1
135,20.0,10.0,1
140,0.0,0.0,1
140,-3.57142857143,60.7142857143,1
139,-43.1818181818,72.7272727273,1
140,13.6363636364,45.4545454545,1
140,21.6666666667,66.6666666667,1
140,25.0,50.0,1
122,25.0,50.0,1
130,20.0,10.0,1
140,80.0,100.0,1
87,0.0,0.0,1
135,20.0,10.0,1
117,20.0,10.0,1
140,20.0,10.0,1
140,-31.25,68.75,1
125,0.0,50.0,1
128,0.0,0.0,1
97,20.0,10.0,1
93,16.0,54.0,1
67,0.0,0.0,1
135,0.0,0.0,1
83,13.6363636364,47.7272727273,1
119,0.0,0.0,1
140,80.0,100.0,1
140,0.0,35.7142857143,1
139,20.0,10.0,1
137,62.5,57.5,1
110,0.0,40.0,1
135,39.8611111111,48.4722222222,1
141,27.3153409091,73.8636363636,1
105,25.0,50.0,1
121,20.0,10.0,1
140,40.0,40.0,1
135,0.0,0.0,1
129,25.0,50.0,1
138,20.0,10.0,1
98,0.0,0.0,1
121,20.0,10.0,1
66,-15.5555555556,28.8888888889,1
128,20.0,10.0,1
121,20.0,10.0,1
121,20.0,10.0,1
121,20.0,10.0,1
140,40.0,40.0,1
140,0.0,0.0,1
137,20.0,10.0,1
