140,0.0,0.0,0
153,0.0,100.0,0
139,0.0,100.0,0
133,0.0,0.0,0
140,12.5,17.5,0
141,0.0,75.0,0
140,0.0,0.0,0
140,50.0,52.5,0
144,50.0,15.0,0
139,40.0,70.0,0
142,0.0,100.0,0
140,15.8333333333,30.0,0
145,0.0,0.0,0
140,22.7777777778,57.7777777778,0
140,-8.33333333333,40.8333333333,0
140,40.0,80.0,0
83,66.6666666667,40.0,0
140,0.0,0.0,0
140,-8.33333333333,40.8333333333,0
140,0.0,0.0,0
140,0.0,75.0,0
115,0.0,0.0,0
140,0.0,63.3333333333,0
100,0.0,0.0,0
114,0.0,0.0,0
139,20.1262626263,44.4444444444,0
140,40.0,80.0,0
148,0.0,0.0,0
144,10.0,36.6666666667,0
140,50.0,100.0,0
140,15.0,45.0,0
131,0.0,0.0,0
84,21.4285714286,64.2857142857,0
138,37.5,59.7222222222,0
140,6.25,37.5,0
148,0.0,0.0,0
143,20.0,25.0,0
128,0.0,0.0,0
140,0.0,0.0,0
140,0.0,0.0,0
140,0.0,0.0,0
145,35.7142857143,57.1428571429,0
140,0.0,0.0,0
141,0.0,75.0,0
140,-8.33333333333,40.8333333333,0
140,20.0,25.0,0
125,6.66666666667,8.33333333333,0
140,48.6666666667,61.6666666667,0
140,25.0,85.0,0
140,21.4285714286,64.2857142857,0
144,0.0,0.0,0
140,0.0,87.5,0
135,0.0,0.0,0
146,30.0,83.3333333333,0
135,0.0,0.0,0
140,40.0,80.0,0
139,0.0,10.0,0
141,0.0,0.0,0
135,0.0,0.0,0
115,0.0,0.0,0
139,-16.6666666667,33.3333333333,0
80,40.0,80.0,0
140,25.0,50.0,0
140,32.0454545455,35.1515151515,0
134,16.6666666667,16.6666666667,0
140,15.0,45.0,0
141,13.6363636364,45.4545454545,0
144,-25.0,100.0,0
140,35.0,55.0,0
139,0.0,0.0,0
140,0.0,0.0,0
144,0.0,0.0,0
140,-15.5555555556,28.8888888889,0
141,16.0206980519,50.5952380952,0
140,0.0,0.0,0
131,33.3333333333,50.0,0
124,0.0,0.0,0
140,50.0,50.0,0
127,25.0,50.0,0
140,0.0,0.0,0
116,-15.0,50.0,0
134,50.0,50.0,0
140,0.0,0.0,0
140,-8.33333333333,40.8333333333,0
140,28.5714285714,53.5714285714,0
140,25.0,25.0,0
140,0.0,87.5,0
140,17.0454545455,45.4545454545,0
141,40.0,70.0,0
140,-8.33333333333,40.8333333333,0
144,10.0,36.6666666667,0
126,5.0,20.0,0
147,17.0454545455,50.0,0
140,-8.33333333333,40.8333333333,0
141,13.6363636364,45.4545454545,0
139,50.0,53.3333333333,0
147,17.0454545455,50.0,0
139,0.0,91.6666666667,0
140,-2.38095238095,50.5952380952,0
94,0.0,0.0,0
141,0.0,75.0,0
143,20.0,25.0,0
141,0.0,75.0,0
140,-8.33333333333,40.8333333333,0
144,0.0,0.0,0
140,0.0,0.0,0
140,0.0,10.0,0
140,25.0,25.0,0
95,20.0,30.0,0
140,40.0,60.0,0
139,0.0,91.6666666667,0
140,0.0,0.0,0
119,20.0,30.0,0
147,17.0454545455,50.0,0
140,-8.33333333333,40.8333333333,0
141,7.14285714286,24.7619047619,0
139,0.0,37.5,0
136,70.0,60.0,0
125,6.66666666667,8.33333333333,0
140,0.0,0.0,0
140,-8.33333333333,40.8333333333,0
141,13.6363636364,45.4545454545,0
140,75.0,100.0,0
140,0.0,0.0,0
141,0.0,75.0,0
140,0.0,0.0,0
133,21.4285714286,64.2857142857,0
140,0.0,0.0,0
140,0.0,0.0,0
119,20.0,30.0,0
140,0.0,0.0,0
140,0.0,0.0,0
129,0.0,0.0,0
105,0.0,60.0,0
141,0.0,75.0,0
140,7.8125,50.0,0
140,0.0,6.66666666667,0
140,0.0,0.0,0
144,20.0,25.0,0
139,41.0,50.0,0
140,-15.0,40.0,0
140,90.0,90.0,0
140,25.0,25.0,0
140,12.5,16.6666666667,0
144,10.0,95.0,0
140,-8.33333333333,40.8333333333,0
140,0.0,0.0,0
140,50.0,50.0,0
140,-8.21428571429,16.4285714286,0
140,10.0,0.0,0
139,-21.6991341991,54.7619047619,0
140,0.0,0.0,0
139,0.0,0.0,0
140,23.2142857143,52.4404761905,0
140,0.0,0.0,0
139,20.8333333333,75.0,0
125,0.0,0.0,0
147,17.0454545455,50.0,0
137,0.0,0.0,0
140,20.0,30.0,0
140,20.0,40.0,0
140,0.0,0.0,0
124,0.0,0.0,0
140,15.0,45.0,0
141,13.6363636364,45.4545454545,0
141,13.6363636364,45.4545454545,0
140,16.6666666667,33.3333333333,0
139,50.0,50.0,0
140,0.0,87.5,0
140,0.0,100.0,0
129,20.0,30.0,0
121,0.0,0.0,0
119,20.0,30.0,0
143,0.0,0.0,0
139,0.0,75.0,0
140,0.0,0.0,0
140,-8.33333333333,40.8333333333,0
140,-4.46428571429,7.14285714286,0
140,0.0,75.0,0
140,52.2857142857,69.8571428571,0
140,39.0625,33.3333333333,0
71,0.0,0.0,0
140,25.0,33.3333333333,0
139,-5.0,3.33333333333,0
140,0.0,71.6666666667,0
140,0.0,0.0,0
140,-8.33333333333,40.8333333333,0
140,25.0,25.0,0
140,25.0,33.3333333333,0
140,21.4285714286,64.2857142857,0
140,30.0,20.0,0
140,-2.38095238095,50.5952380952,0
139,0.0,6.66666666667,0
143,20.0,25.0,0
140,-4.46428571429,7.14285714286,0
129,0.0,0.0,0
140,0.0,0.0,0
115,0.0,0.0,0
140,0.0,0.0,0
140,-8.21428571429,16.4285714286,0
140,-4.46428571429,7.14285714286,0
140,21.4285714286,64.2857142857,0
93,16.6666666667,28.3333333333,0
113,0.0,0.0,0
146,0.0,100.0,0
140,-50.0,100.0,0
139,20.1262626263,44.4444444444,0
140,0.0,0.0,0
140,6.25,37.5,0
140,13.6363636364,45.4545454545,0
140,13.6363636364,45.4545454545,0
141,40.0,70.0,0
140,0.0,75.0,0
141,0.0,0.0,0
141,0.0,75.0,0
141,0.0,75.0,0
140,10.4166666667,62.5,0
140,16.6666666667,16.6666666667,0
140,0.0,0.0,0
131,0.0,0.0,0
119,20.0,30.0,0
140,-8.33333333333,40.8333333333,0
129,42.5,57.5,0
140,0.0,0.0,0
140,15.0,45.0,0
140,21.6666666667,90.0,0
140,0.0,75.0,0
139,0.0,6.66666666667,0
141,0.0,75.0,0
140,37.5,20.0,0
140,15.0,45.0,0
139,0.0,6.66666666667,0
140,0.0,0.0,0
140,31.25,25.0,0
139,0.0,91.6666666667,0
115,0.0,0.0,0
140,-8.33333333333,40.8333333333,0
140,23.2142857143,52.4404761905,0
142,0.0,75.0,0
143,0.0,0.0,0
107,60.0,100.0,0
115,0.0,0.0,0
140,15.0,45.0,0
132,0.0,6.66666666667,0
138,10.6666666667,47.3333333333,0
139,0.0,91.6666666667,0
75,-15.0,20.0,0
141,13.6363636364,50.0,0
140,0.0,0.0,0
140,0.0,0.0,0
140,25.0,50.0,0
137,0.0,0.0,0
140,0.0,50.0,0
106,0.0,0.0,0
140,0.0,0.0,0
140,0.0,0.0,0
144,10.0,36.6666666667,0
111,30.0,70.0,0
66,25.0,20.0,0
140,-4.46428571429,7.14285714286,0
140,0.0,0.0,0
131,6.81818181818,72.7272727273,0
140,13.6363636364,50.0,0
140,0.0,50.0,0
131,0.0,0.0,0
140,25.0,50.0,0
140,13.6363636364,50.0,0
140,0.0,0.0,0
129,55.0,95.0,0
140,20.0,30.0,0
117,0.0,0.0,0
140,0.0,100.0,0
55,0.0,0.0,0
136,12.5,54.1666666667,0
140,25.0,50.0,0
137,12.5,54.1666666667,0
140,13.6363636364,50.0,0
140,12.5,16.6666666667,0
140,0.0,0.0,0
139,6.66666666667,56.6666666667,0
139,17.5,38.8888888889,0
144,10.0,40.0,0
57,13.6363636364,45.4545454545,0
136,4.16666666667,25.0,0
140,-8.33333333333,40.8333333333,0
146,0.0,0.0,0
141,0.0,75.0,0
139,5.0,10.0,0
141,13.6363636364,50.0,0
140,-10.0,60.0,0
140,15.0,45.0,0
140,0.0,0.0,0
147,17.0454545455,50.0,0
140,-8.21428571429,16.4285714286,0
140,50.0,50.0,0
140,35.0,35.0,0
140,0.0,0.0,0
140,15.0,45.0,0
124,0.0,21.25,0
140,0.0,75.0,0
140,0.0,0.0,0
140,0.0,0.0,0
143,0.0,0.0,0
140,0.0,0.0,0
140,40.0,80.0,0
140,50.0,100.0,0
140,0.0,91.6666666667,0
140,3.33333333333,6.66666666667,0
139,0.0,91.6666666667,0
140,0.0,0.0,0
140,35.0,55.0,0
125,15.0,54.4444444444,0
90,50.0,50.0,0
147,17.0454545455,50.0,0
140,-8.33333333333,40.8333333333,0
140,0.0,0.0,0
135,0.0,0.0,0
140,0.0,6.66666666667,0
140,60.0,100.0,0
140,60.0,100.0,0
129,-20.0,15.0,0
140,20.0,20.0,0
140,0.0,87.5,0
140,0.0,45.0,0
139,46.6666666667,73.3333333333,0
139,3.33333333333,6.66666666667,0
140,0.0,0.0,0
140,15.0,45.0,0
140,-8.33333333333,40.8333333333,0
140,0.0,0.0,0
139,0.0,91.6666666667,0
140,0.0,0.0,0
140,0.595238095238,38.6904761905,0
139,33.8095238095,46.4285714286,0
139,25.0,75.0,0
142,0.0,0.0,0
141,13.6363636364,50.0,0
138,37.5,59.7222222222,0
140,6.25,37.5,0
141,0.0,75.0,0
140,-25.0,40.0,0
60,0.0,0.0,0
144,0.0,0.0,0
140,-8.33333333333,40.8333333333,0
140,17.0454545455,45.4545454545,0
144,0.0,0.0,0
145,35.7142857143,57.1428571429,0
139,62.5,50.0,0
143,10.0,0.0,0
64,50.0,50.0,0
123,15.0,35.0,0
140,-8.33333333333,40.8333333333,0
136,20.0,20.0,0
139,0.0,75.0,0
140,38.3333333333,75.0,0
141,7.14285714286,24.7619047619,0
124,0.0,0.0,0
140,17.5324675325,47.7272727273,0
140,13.6363636364,45.4545454545,0
131,0.0,0.0,0
137,12.5,54.1666666667,0
144,20.0,25.0,0
140,0.0,0.0,0
140,0.0,0.0,0
140,0.0,0.0,0
140,21.4285714286,64.2857142857,0
140,-2.38095238095,50.5952380952,0
140,0.0,75.0,0
140,0.0,0.0,0
140,-4.46428571429,7.14285714286,0
140,-8.21428571429,16.4285714286,0
140,26.7857142857,64.2857142857,0
140,0.0,0.0,0
140,-4.46428571429,7.14285714286,0
140,15.0,45.0,0
139,0.0,91.6666666667,0
140,0.0,0.0,0
140,50.0,100.0,0
144,0.0,0.0,0
140,0.0,0.0,0
140,0.0,0.0,0
140,0.0,0.0,0
137,0.0,0.0,0
140,-15.625,11.25,0
140,30.0,43.3333333333,0
119,0.0,0.0,0
139,60.0,100.0,0
148,-75.0,100.0,0
141,13.6363636364,50.0,0
140,-8.33333333333,40.8333333333,0
101,0.0,0.0,0
140,32.9166666667,64.5833333333,0
144,0.0,0.0,0
144,20.0,25.0,0
140,7.14285714286,64.2857142857,0
139,0.0,35.7142857143,0
140,0.0,0.0,0
128,-5.0,3.33333333333,0
140,0.0,0.0,0
140,0.0,0.0,0
144,20.0,25.0,0
139,28.75,47.5,0
79,0.0,0.0,0
140,0.0,0.0,0
140,-2.38095238095,50.5952380952,0
130,0.0,0.0,0
141,0.0,75.0,0
140,0.0,0.0,0
134,21.5,66.0,0
135,13.6363636364,50.0,0
144,0.0,0.0,0
140,2.77777777778,53.0158730159,0
139,0.0,0.0,0
144,20.0,25.0,0
139,0.0,0.0,0
140,21.6666666667,66.6666666667,0
140,0.0,75.0,0
140,15.0,45.0,0
113,-50.0,20.0,0
140,0.0,0.0,0
140,3.33333333333,80.0,0
140,6.81818181818,22.7272727273,0
115,0.0,0.0,0
140,30.0,43.3333333333,0
139,0.0,57.5,0
94,0.0,0.0,0
142,0.0,0.0,0
144,0.0,0.0,0
140,0.0,0.0,0
139,0.0,0.0,0
140,0.0,0.0,0
140,0.0,0.0,0
68,0.0,0.0,0
140,15.0,45.0,0
140,25.0,25.0,0
140,0.0,0.0,0
140,13.6363636364,45.4545454545,0
140,33.3333333333,83.3333333333,0
139,0.0,0.0,0
140,0.0,12.5,0
138,0.0,0.0,0
140,0.0,0.0,0
140,13.6363636364,50.0,0
140,39.0151515152,26.6666666667,0
134,0.0,0.0,0
132,0.0,0.0,0
140,0.0,75.0,0
93,0.0,0.0,0
140,-8.33333333333,40.8333333333,0
126,25.0,25.0,0
135,0.0,0.0,0
141,0.0,75.0,0
140,-66.6666666667,100.0,0
140,0.0,0.0,0
139,0.0,0.0,0
140,12.5,16.6666666667,0
140,3.33333333333,6.66666666667,0
99,0.0,21.25,0
139,25.0,75.0,0
140,3.33333333333,6.66666666667,0
133,0.0,0.0,0
140,0.0,75.0,0
137,12.5,54.1666666667,0
144,10.0,36.6666666667,0
140,50.0,50.0,0
129,0.0,0.0,0
139,0.0,91.6666666667,0
91,0.0,0.0,0
144,50.0,53.3333333333,0
140,3.33333333333,6.66666666667,0
116,0.0,30.0,0
140,15.0,45.0,0
140,34.1666666667,66.6666666667,0
140,60.0,100.0,0
140,40.0,95.0,0
103,17.0454545455,45.4545454545,0
140,0.0,0.0,0
111,30.0,70.0,0
96,0.0,0.0,0
127,23.3333333333,60.0,0
140,0.0,75.0,0
140,60.0,100.0,0
107,0.0,0.0,0
140,0.0,0.0,0
140,17.0454545455,45.4545454545,0
140,0.0,0.0,0
140,0.0,0.0,0
140,0.0,0.0,0
140,0.0,0.0,0
142,41.6666666667,44.4444444444,0
140,50.0,80.0,0
140,0.0,0.0,0
139,25.0,75.0,0
140,15.0,45.0,0
140,3.33333333333,6.66666666667,0
140,50.0,100.0,0
140,11.4814814815,31.8518518519,0
96,30.0,70.0,0
140,3.33333333333,6.66666666667,0
39,0.0,0.0,0
140,31.25,25.0,1
140,0.0,0.0,1
141,-4.46428571429,7.14285714286,1
141,-4.46428571429,7.14285714286,1
141,-4.46428571429,7.14285714286,1
141,13.6363636364,45.4545454545,1
139,50.0,50.0,1
140,40.0,80.0,1
140,46.6666666667,50.0,1
140,-25.0,25.0,1
140,0.0,100.0,1
141,0.0,75.0,1
85,50.0,100.0,1
140,0.0,6.66666666667,1
141,0.0,75.0,1
140,0.0,0.0,1
145,0.0,0.0,1
140,15.0,45.0,1
140,0.0,0.0,1
140,0.0,0.0,1
144,10.0,36.6666666667,1
144,33.5227272727,52.7272727273,1
140,0.0,75.0,1
140,35.7142857143,57.1428571429,1
140,0.0,0.0,1
140,0.0,0.0,1
139,20.0,50.0,1
140,33.3333333333,38.8888888889,1
147,17.0454545455,50.0,1
140,50.0,50.0,1
140,0.0,0.0,1
144,10.0,36.6666666667,1
141,0.0,75.0,1
140,50.0,18.3333333333,1
144,66.6666666667,79.6666666667,1
141,50.0,50.0,1
100,50.0,60.0,1
140,0.0,0.0,1
140,33.3333333333,38.8888888889,1
140,-4.46428571429,7.14285714286,1
140,12.5,16.6666666667,1
140,40.0,40.0,1
144,10.0,36.6666666667,1
134,6.81818181818,26.0606060606,1
85,50.0,100.0,1
106,0.0,0.0,1
140,0.0,0.0,1
129,-6.66666666667,40.0,1
138,0.0,0.0,1
139,0.0,0.0,1
141,0.0,75.0,1
126,-20.0,10.0,1
140,15.0,45.0,1
140,-4.46428571429,7.14285714286,1
140,33.3333333333,38.8888888889,1
141,0.0,75.0,1
140,35.7142857143,57.1428571429,1
140,21.4285714286,64.2857142857,1
138,0.0,0.0,1
139,50.0,50.0,1
140,25.0,37.5,1
140,63.3333333333,58.3333333333,1
135,0.0,6.66666666667,1
140,0.0,75.0,1
140,0.0,0.0,1
140,0.0,0.0,1
140,50.0,50.0,1
140,0.0,0.0,1
140,13.0303030303,30.6060606061,1
139,0.0,0.0,1
144,10.0,36.6666666667,1
140,0.0,100.0,1
141,0.0,75.0,1
140,0.0,0.0,1
138,30.0,60.0,1
141,40.0,40.0,1
111,0.0,0.0,1
140,20.0,51.6666666667,1
140,0.0,75.0,1
140,12.5,20.0,1
140,33.3333333333,38.8888888889,1
140,0.0,0.0,1
132,0.0,0.0,1
141,0.0,75.0,1
99,0.0,0.0,1
140,0.0,0.0,1
145,50.0,55.0,1
140,33.3333333333,38.8888888889,1
112,16.6666666667,16.6666666667,1
139,0.0,10.0,1
142,25.0,28.3333333333,1
140,0.0,75.0,1
140,0.0,0.0,1
140,33.3333333333,38.8888888889,1
140,-14.5833333333,52.0833333333,1
140,15.0,45.0,1
138,0.0,0.0,1
139,0.0,87.5,1
128,53.3333333333,58.3333333333,1
148,0.0,0.0,1
140,-29.1666666667,54.1666666667,1
144,50.0,50.0,1
140,-30.0,40.0,1
141,0.0,75.0,1
140,33.3333333333,38.8888888889,1
111,50.0,50.0,1
41,0.0,0.0,1
142,0.0,0.0,1
140,33.3333333333,38.8888888889,1
128,41.6666666667,47.7777777778,1
140,33.3333333333,66.6666666667,1
140,50.0,50.0,1
113,10.0,65.0,1
140,50.0,50.0,1
134,0.0,0.0,1
140,0.0,0.0,1
140,33.3333333333,38.8888888889,1
130,0.0,10.0,1
140,0.0,0.0,1
140,0.0,0.0,1
141,7.14285714286,24.7619047619,1
140,0.0,100.0,1
118,0.0,12.5,1
140,12.5,66.6666666667,1
140,0.0,0.0,1
99,0.0,0.0,1
95,0.0,12.5,1
140,0.0,0.0,1
140,31.8181818182,47.7272727273,1
140,0.0,75.0,1
144,10.0,36.6666666667,1
140,33.3333333333,38.8888888889,1
138,37.5,59.7222222222,1
140,25.0,50.0,1
139,-10.0,5.0,1
139,100.0,100.0,1
150,13.6363636364,45.4545454545,1
118,37.5,50.0,1
140,5.0,50.0,1
140,35.7142857143,53.5714285714,1
140,0.0,0.0,1
140,13.6363636364,45.4545454545,1
140,0.0,50.0,1
140,0.0,0.0,1
138,37.5,59.7222222222,1
140,100.0,30.0,1
139,50.0,50.0,1
140,13.6363636364,45.4545454545,1
140,0.0,10.0,1
141,12.5,70.0,1
131,0.0,14.2857142857,1
139,0.0,10.0,1
140,60.0,80.0,1
140,50.0,50.0,1
140,35.7142857143,53.5714285714,1
144,10.0,36.6666666667,1
140,22.5,35.0,1
141,13.6363636364,45.4545454545,1
140,65.6666666667,75.6666666667,1
140,6.25,16.25,1
139,0.0,6.66666666667,1
140,25.0,33.3333333333,1
140,0.0,0.0,1
138,37.5,59.7222222222,1
144,0.0,0.0,1
139,0.0,37.5,1
140,40.0,40.0,1
140,0.0,75.0,1
146,0.0,0.0,1
139,100.0,100.0,1
140,0.0,0.0,1
140,-4.46428571429,7.14285714286,1
138,37.5,59.7222222222,1
95,20.0,30.0,1
140,0.0,71.4285714286,1
140,0.0,0.0,1
141,12.5,70.0,1
140,33.3333333333,38.8888888889,1
138,37.5,59.7222222222,1
139,100.0,100.0,1
131,0.0,0.0,1
140,0.0,0.0,1
140,0.0,0.0,1
141,12.5,70.0,1
139,0.0,87.5,1
140,39.4444444444,76.1111111111,1
140,0.0,0.0,1
140,33.3333333333,38.8888888889,1
140,0.0,87.5,1
71,0.0,0.0,1
140,15.0,45.0,1
129,0.0,0.0,1
140,0.0,0.0,1
140,0.0,100.0,1
138,37.5,59.7222222222,1
144,10.0,36.6666666667,1
140,33.3333333333,66.6666666667,1
140,0.0,0.0,1
132,64.1666666667,66.6666666667,1
140,0.0,0.0,1
140,15.0,45.0,1
111,0.0,0.0,1
149,13.6363636364,45.4545454545,1
140,16.6666666667,33.3333333333,1
137,0.0,0.0,1
144,0.0,0.0,1
144,-8.33333333333,3.33333333333,1
138,37.5,59.7222222222,1
140,0.0,10.0,1
140,0.0,0.0,1
138,25.0,25.0,1
140,0.0,75.0,1
140,11.6883116883,39.9134199134,1
139,50.0,50.0,1
144,10.0,36.6666666667,1
115,25.0,50.0,1
140,35.0,55.0,1
140,0.0,87.5,1
139,25.0,50.0,1
110,-30.0,40.0,1
140,10.0,75.0,1
140,50.0,50.0,1
140,0.0,75.0,1
138,37.5,59.7222222222,1
144,10.0,40.0,1
140,12.5,16.6666666667,1
138,25.0,31.25,1
140,0.0,0.0,1
140,0.0,0.0,1
140,21.4285714286,64.2857142857,1
140,33.3333333333,38.8888888889,1
140,0.0,0.0,1
140,35.0,51.25,1
144,13.8888888889,50.5555555556,1
98,0.0,0.0,1
139,0.0,87.5,1
140,0.0,0.0,1
128,25.0,50.0,1
140,0.0,0.0,1
140,52.2857142857,69.8571428571,1
140,0.0,0.0,1
144,10.0,36.6666666667,1
138,0.0,0.0,1
140,10.2777777778,64.7222222222,1
138,37.5,59.7222222222,1
140,33.3333333333,38.8888888889,1
118,38.5227272727,67.7272727273,1
137,6.81818181818,26.0606060606,1
140,40.0,95.0,1
107,-5.0,70.0,1
139,12.5,50.0,1
133,0.0,12.5,1
140,0.0,0.0,1
139,0.0,0.0,1
140,0.0,0.0,1
140,-10.0,25.0,1
141,100.0,100.0,1
141,100.0,100.0,1
141,100.0,100.0,1
124,0.0,0.0,1
130,0.0,10.0,1
111,0.0,0.0,1
140,0.0,0.0,1
138,37.5,59.7222222222,1
140,30.0,43.3333333333,1
140,33.3333333333,38.8888888889,1
140,-28.3333333333,69.1666666667,1
144,10.0,36.6666666667,1
129,0.0,0.0,1
140,0.0,75.0,1
140,37.5,36.6666666667,1
129,0.0,0.0,1
140,25.0,31.25,1
139,50.0,50.0,1
106,50.0,80.0,1
25,0.0,0.0,1
140,62.5,62.5,1
140,0.0,25.0,1
140,0.0,0.0,1
146,0.0,0.0,1
144,10.0,36.6666666667,1
144,10.0,36.6666666667,1
140,0.0,75.0,1
139,25.0,50.0,1
140,50.0,50.0,1
138,25.0,31.25,1
140,30.0,43.3333333333,1
140,36.0,48.0,1
140,25.0,33.3333333333,1
136,0.0,0.0,1
140,70.3125,79.4444444444,1
84,0.0,0.0,1
140,0.0,0.0,1
144,10.0,36.6666666667,1
140,16.6666666667,20.8333333333,1
140,0.0,0.0,1
144,10.0,36.6666666667,1
139,0.0,0.0,1
144,10.0,36.6666666667,1
143,13.6363636364,45.4545454545,1
119,0.0,0.0,1
140,40.0,80.0,1
125,0.0,100.0,1
140,15.0,45.0,1
140,0.0,0.0,1
140,13.6363636364,50.0,1
139,25.0,50.0,1
144,10.0,36.6666666667,1
140,0.0,0.0,1
141,-12.2222222222,47.7777777778,1
133,50.0,50.0,1
140,0.0,0.0,1
140,0.0,75.0,1
144,10.0,36.6666666667,1
141,0.0,0.0,1
138,25.0,31.25,1
140,22.7272727273,54.5454545455,1
136,0.0,10.0,1
140,13.6363636364,45.4545454545,1
140,0.0,75.0,1
140,12.5,16.6666666667,1
143,0.0,0.0,1
109,0.0,0.0,1
141,46.6666666667,66.6666666667,1
129,17.0454545455,50.0,1
97,0.0,0.0,1
140,50.0,50.0,1
118,0.0,0.0,1
139,50.0,50.0,1
141,7.14285714286,24.7619047619,1
140,0.0,0.0,1
131,-30.0,40.0,1
121,0.0,12.5,1
140,0.0,0.0,1
138,37.5,59.7222222222,1
144,10.0,36.6666666667,1
139,50.0,50.0,1
140,33.0340909091,40.1136363636,1
100,25.3333333333,71.6666666667,1
140,11.6883116883,40.3174603175,1
140,0.0,0.0,1
79,-50.0,100.0,1
98,0.0,0.0,1
141,44.6428571429,57.1428571429,1
115,0.0,0.0,1
140,0.0,6.66666666667,1
132,0.0,12.5,1
140,25.0,25.0,1
140,39.8484848485,73.3333333333,1
140,33.3333333333,38.8888888889,1
140,15.0,45.0,1
142,0.0,0.0,1
135,0.0,0.0,1
142,0.0,50.0,1
140,25.0,75.0,1
140,35.7142857143,57.1428571429,1
139,0.0,87.5,1
140,25.0,75.0,1
98,0.0,0.0,1
119,25.0,33.3333333333,1
83,40.0,80.0,1
138,80.0,75.0,1
140,15.0,45.0,1
132,0.0,0.0,1
107,0.0,0.0,1
140,20.0,30.0,1
140,38.75,78.4722222222,1
118,38.5227272727,67.7272727273,1
89,8.0,42.0,1
122,0.0,0.0,1
140,8.33333333333,28.3333333333,1
137,25.0,45.0,1
139,0.0,0.0,1
126,0.0,40.0,1
142,25.0,45.0,1
140,0.0,0.0,1
140,0.0,87.5,1
140,0.0,0.0,1
140,0.0,0.0,1
142,0.0,0.0,1
140,20.0,30.0,1
140,0.0,0.0,1
125,0.0,0.0,1
139,-100.0,90.0,1
98,0.0,0.0,1
140,10.0,95.0,1
140,0.0,0.0,1
140,-4.46428571429,7.14285714286,1
143,-12.5,37.5,1
104,20.0,25.0,1
140,12.8787878788,27.7777777778,1
139,0.0,6.66666666667,1
144,10.0,36.6666666667,1
140,0.0,0.0,1
140,0.0,0.0,1
140,40.0,100.0,1
136,37.5,57.5,1
144,10.0,36.6666666667,1
148,0.0,0.0,1
79,45.0,80.0,1
123,15.0,35.0,1
105,17.0454545455,45.4545454545,1
132,0.0,0.0,1
123,0.0,0.0,1
140,33.3333333333,38.8888888889,1
139,0.0,87.5,1
133,0.0,12.5,1
143,0.0,0.0,1
140,-8.33333333333,40.8333333333,1
140,0.0,20.0,1
144,0.0,0.0,1
140,0.0,100.0,1
134,0.0,0.0,1
140,39.4444444444,76.1111111111,1
140,30.0,43.3333333333,1
126,5.0,20.0,1
140,0.0,0.0,1
118,0.0,0.0,1
137,16.8181818182,52.7272727273,1
142,25.0,28.3333333333,1
41,0.0,0.0,1
142,37.5,57.5,1
140,15.0,45.0,1
140,0.0,50.0,1
140,20.0757575758,32.196969697,1
121,0.0,0.0,1
140,16.6666666667,33.3333333333,1
93,0.0,0.0,1
140,33.3333333333,38.8888888889,1
140,0.0,0.0,1
148,-75.0,100.0,1
140,0.0,0.0,1
140,0.0,0.0,1
144,-8.33333333333,3.33333333333,1
126,16.8181818182,52.7272727273,1
129,50.0,50.0,1
139,0.0,87.5,1
140,-14.5833333333,27.0833333333,1
144,10.0,36.6666666667,1
144,10.0,36.6666666667,1
140,50.0,60.0,1
144,10.0,36.6666666667,1
140,12.5,16.6666666667,1
152,-10.0,60.0,1
118,38.5227272727,67.7272727273,1
140,50.0,50.0,1
140,-28.3333333333,69.1666666667,1
140,39.4444444444,76.1111111111,1
143,-10.0,40.0,1
125,0.0,0.0,1
140,0.0,75.0,1
140,33.3333333333,38.8888888889,1
140,0.0,0.0,1
140,0.0,50.0,1
137,16.8181818182,52.7272727273,1
136,0.0,0.0,1
111,0.0,0.0,1
140,39.1666666667,35.8333333333,1
143,-10.0,40.0,1
140,-7.77777777778,14.4444444444,1
140,0.0,0.0,1
140,0.0,0.0,1
139,8.91666666667,40.1111111111,1
140,33.3333333333,66.6666666667,1
138,0.0,0.0,1
140,0.0,50.0,1
142,0.0,0.0,1
139,0.0,91.6666666667,1
140,0.0,100.0,1
139,0.0,0.0,1
140,0.0,0.0,1
132,0.0,0.0,1
150,100.0,100.0,1
144,10.0,36.6666666667,1
140,35.0,55.0,1
140,30.0,10.0,1
144,10.0,36.6666666667,1
140,0.0,0.0,1
140,0.0,0.0,1
140,0.0,100.0,1
132,0.0,12.5,1
132,0.0,12.5,1
89,0.0,0.0,1
143,0.0,0.0,1
140,30.0,10.0,1
140,0.0,0.0,1
99,38.5227272727,67.7272727273,1
139,0.0,0.0,1
140,37.5,20.0,1
140,0.0,0.0,1
140,30.0,43.3333333333,1
139,0.0,87.5,1
142,17.0454545455,50.0,1
140,0.0,100.0,1
140,0.0,0.0,1
144,100.0,30.0,1
104,-50.0,100.0,1
140,30.0,43.3333333333,1
119,30.0,43.3333333333,1
140,23.4375,37.5,1
143,0.0,0.0,0
144,20.0,40.0,0
98,0.0,0.0,0
140,0.0,0.0,0
140,0.0,0.0,0
98,0.0,30.0,0
144,20.0,25.0,0
59,0.0,0.0,0
173,0.0,0.0,0
176,0.0,100.0,0
141,13.6363636364,45.4545454545,0
140,0.0,0.0,0
144,32.2222222222,28.8888888889,0
140,0.0,0.0,0
139,0.0,0.0,0
139,0.0,0.0,0
94,0.0,30.0,0
153,0.0,100.0,0
78,0.0,30.0,0
153,0.0,100.0,0
139,40.0,60.0,0
140,44.1666666667,63.3333333333,0
115,0.0,30.0,0
139,0.0,100.0,0
143,0.0,0.0,0
140,0.0,10.0,0
141,31.6666666667,28.3333333333,0
136,0.0,0.0,0
140,0.0,40.0,0
140,0.0,0.0,0
140,20.0,72.5,0
140,10.2777777778,40.2777777778,0
140,-4.46428571429,7.14285714286,0
140,0.0,65.0,0
140,0.0,50.0,0
136,0.0,0.0,0
140,0.0,65.0,0
140,0.0,0.0,0
140,0.0,65.0,0
140,50.0,50.0,0
140,18.9545454545,45.6818181818,0
139,0.0,0.0,0
140,0.0,65.0,0
145,0.0,0.0,0
140,75.0,75.0,0
140,20.0,20.0,0
140,0.0,65.0,0
140,0.0,0.0,0
141,50.0,80.0,0
143,0.0,0.0,0
140,12.5,57.7380952381,0
146,0.0,0.0,0
139,0.0,35.7142857143,0
140,20.0,20.0,0
140,0.0,40.0,0
139,50.0,50.0,0
140,27.5,72.5,0
140,50.0,100.0,0
140,0.0,0.0,0
136,50.0,50.0,0
140,26.9444444444,57.7777777778,0
142,24.3333333333,47.0,0
139,20.1262626263,44.4444444444,0
139,0.0,76.6666666667,0
97,0.0,0.0,0
140,6.25,37.5,0
139,0.0,0.0,0
140,-50.0,50.0,0
136,62.5,72.5,0
140,0.0,87.5,0
73,0.0,0.0,0
76,0.0,0.0,0
140,16.8181818182,32.7272727273,0
141,13.6363636364,45.4545454545,0
144,32.2222222222,28.8888888889,0
140,7.14285714286,39.2857142857,0
144,0.0,0.0,0
140,0.0,0.0,0
140,0.0,50.0,0
140,0.0,0.0,0
140,-1.0101010101,20.7070707071,0
145,0.0,12.5,0
140,10.0,0.0,0
140,-2.5,32.5,0
140,55.0,55.0,0
148,0.0,0.0,0
140,0.0,0.0,0
140,0.0,0.0,0
138,0.0,30.0,0
140,15.291005291,64.3915343915,0
140,0.0,0.0,0
140,-4.46428571429,7.14285714286,0
140,10.0,75.0,0
140,-5.0,40.0,0
140,37.5,10.0,0
140,3.125,25.0,0
140,0.0,0.0,0
140,3.33333333333,6.66666666667,0
70,0.0,0.0,0
140,20.0,30.0,0
139,65.0,100.0,0
140,0.0,0.0,0
146,37.5,61.1111111111,0
140,12.5,16.6666666667,0
133,40.0,80.0,0
140,0.0,0.0,0
142,0.0,0.0,0
100,2.57575757576,30.5303030303,0
140,0.0,0.0,0
140,33.3333333333,83.3333333333,0
147,39.0625,33.3333333333,0
139,40.0,35.0,0
142,16.6666666667,33.3333333333,0
140,0.0,50.0,0
140,35.0,30.0,0
144,50.0,15.0,0
140,0.0,0.0,0
138,0.0,0.0,0
141,0.0,75.0,0
142,0.0,100.0,0
141,13.6363636364,45.4545454545,0
139,51.6666666667,61.6666666667,0
145,0.0,0.0,0
140,0.0,0.0,0
141,13.6363636364,45.4545454545,0
148,0.0,0.0,0
133,21.4285714286,52.1428571429,0
140,60.0,62.5,0
140,31.6666666667,23.3333333333,0
140,0.0,0.0,0
114,0.0,0.0,0
140,0.0,40.0,0
140,0.0,0.0,0
140,60.0,52.5,0
140,26.7857142857,64.2857142857,0
142,39.0625,33.3333333333,0
140,0.0,0.0,0
140,0.0,0.0,0
140,37.5,10.0,0
135,13.6363636364,50.0,0
120,0.0,0.0,0
140,17.0454545455,50.0,0
140,-50.0,50.0,0
140,36.6666666667,70.0,0
139,0.0,0.0,0
110,0.0,30.0,0
139,50.0,50.0,0
119,20.0,30.0,0
140,37.5,20.0,0
140,0.0,0.0,0
140,33.3333333333,50.0,0
139,0.0,0.0,0
133,-15.5555555556,28.8888888889,0
140,8.33333333333,63.0,0
129,0.0,0.0,0
142,0.0,0.0,0
140,25.0,85.0,0
140,-7.14285714286,14.2857142857,0
140,13.6363636364,45.4545454545,0
136,-37.5,62.5,0
141,40.0,40.0,0
140,0.0,100.0,0
140,0.0,0.0,0
86,0.0,0.0,0
140,0.0,0.0,0
140,21.4285714286,51.3392857143,0
125,6.66666666667,8.33333333333,0
140,25.0,25.0,0
140,30.3333333333,59.6666666667,0
140,-25.0,40.0,0
140,-4.46428571429,7.14285714286,0
140,-50.0,50.0,0
140,0.0,40.0,0
136,0.0,0.0,0
136,0.0,0.0,0
140,0.0,0.0,0
135,-20.8333333333,6.66666666667,0
139,0.0,0.0,0
140,33.4077380952,58.0952380952,0
140,5.0,52.5,0
140,37.5,10.0,0
140,35.5,67.5,0
144,10.2777777778,48.0555555556,0
132,16.0,54.0,0
140,0.0,0.0,0
140,31.25,60.0,0
140,0.0,0.0,0
140,0.0,50.0,0
140,0.0,65.0,0
140,7.14285714286,39.2857142857,0
140,0.0,40.0,0
140,26.7676767677,38.8888888889,0
140,0.0,40.0,0
140,20.0,45.0,0
144,10.4761904762,25.5952380952,0
140,38.253968254,65.873015873,0
141,31.6666666667,28.3333333333,0
140,0.0,0.0,0
140,-50.0,50.0,0
86,0.0,0.0,0
86,0.0,0.0,0
141,13.6363636364,45.4545454545,0
136,0.0,0.0,0
61,0.0,0.0,0
146,0.0,0.0,0
139,0.0,0.0,0
140,0.0,0.0,0
140,0.0,0.0,0
102,0.0,30.0,0
140,20.0,72.5,0
139,6.81818181818,42.7272727273,0
140,0.0,0.0,0
140,38.3333333333,62.5,0
136,0.0,30.0,0
78,0.0,30.0,0
140,13.6363636364,45.4545454545,0
135,0.0,0.0,0
91,0.0,6.66666666667,0
103,0.0,0.0,0
120,0.0,0.0,0
137,0.0,0.0,0
134,0.0,0.0,0
139,25.0,45.0,0
140,43.3333333333,73.3333333333,0
100,0.0,0.0,0
140,8.33333333333,28.3333333333,0
140,56.25,50.0,0
107,0.0,0.0,0
110,0.0,0.0,0
92,8.0,42.0,0
122,0.0,0.0,0
122,0.0,0.0,0
139,0.0,0.0,0
127,0.0,40.0,0
140,50.0,50.0,0
139,25.0,25.0,0
140,50.0,50.0,0
140,38.253968254,65.873015873,0
139,0.0,100.0,0
140,50.0,100.0,0
153,0.0,100.0,0
144,53.8541666667,61.6666666667,0
140,0.0,0.0,0
153,0.0,100.0,0
140,0.0,0.0,0
140,37.5,10.0,0
140,31.8181818182,47.7272727273,0
140,20.0,30.0,0
128,0.0,30.0,0
132,13.7662337662,31.9886363636,0
140,0.0,0.0,0
140,37.5,10.0,0
140,70.0,60.0,0
149,0.0,0.0,0
60,50.0,87.5,0
78,0.0,30.0,0
143,0.0,0.0,0
141,7.14285714286,24.7619047619,0
140,0.0,0.0,0
140,0.0,0.0,0
173,0.0,0.0,0
127,0.0,30.0,0
176,0.0,100.0,0
140,0.0,0.0,0
140,20.0,30.0,0
142,0.0,0.0,0
137,0.0,0.0,0
140,0.0,0.0,0
140,0.0,0.0,0
140,0.0,0.0,0
140,0.0,40.0,0
140,-4.46428571429,7.14285714286,0
140,37.5,10.0,0
140,16.4285714286,47.1428571429,0
140,60.0,90.0,0
91,0.0,0.0,0
125,-50.0,50.0,0
139,0.0,0.0,0
140,0.0,0.0,0
140,50.0,100.0,0
141,13.6363636364,45.4545454545,0
146,0.0,0.0,0
140,0.0,75.0,0
140,-50.0,50.0,0
148,0.0,0.0,0
140,0.0,0.0,0
137,-10.0,40.0,0
140,0.0,0.0,0
139,50.0,50.0,0
140,0.0,50.0,0
134,0.0,0.0,0
140,80.0,75.0,0
129,1.42857142857,7.14285714286,0
140,16.6666666667,20.8333333333,0
148,0.0,0.0,0
131,0.0,0.0,0
139,0.0,0.0,0
140,80.0,100.0,0
140,5.0,52.5,0
140,0.0,0.0,0
140,0.0,0.0,0
140,17.0454545455,50.0,0
144,20.0,25.0,0
140,0.0,0.0,0
140,12.5,16.6666666667,0
140,0.0,0.0,0
144,0.0,0.0,0
140,14.7727272727,41.7045454545,0
140,0.0,0.0,0
60,50.0,87.5,0
140,0.0,0.0,0
140,0.0,0.0,0
140,21.4285714286,64.2857142857,0
140,25.0,75.0,0
140,-50.0,70.0,0
139,40.0,80.0,0
139,0.0,91.6666666667,0
115,0.0,0.0,0
140,21.4285714286,64.2857142857,0
141,7.14285714286,24.7619047619,0
140,0.0,0.0,0
140,-4.46428571429,7.14285714286,0
140,0.0,0.0,0
140,0.0,0.0,0
140,38.253968254,65.873015873,0
75,40.0,75.0,0
140,0.0,0.0,0
140,0.0,0.0,0
139,0.0,0.0,0
140,0.0,0.0,0
140,0.0,0.0,0
144,20.0,25.0,0
138,40.0,80.0,0
139,0.0,0.0,0
135,0.0,0.0,0
140,62.5,100.0,0
140,0.0,0.0,0
140,38.253968254,65.873015873,0
139,10.0,0.0,0
140,-50.0,50.0,0
139,0.0,37.5,0
140,0.0,75.0,0
140,-50.0,50.0,0
140,52.7777777778,77.7777777778,0
125,0.0,0.0,0
140,-20.0,30.0,0
140,25.0,50.0,0
139,20.1262626263,44.4444444444,0
140,6.25,37.5,0
140,0.0,0.0,0
110,50.0,75.0,0
140,10.0,25.0,0
140,0.0,0.0,0
140,21.4285714286,64.2857142857,0
140,0.0,0.0,0
145,0.0,12.5,0
140,-50.0,50.0,0
140,0.0,0.0,0
140,0.0,0.0,0
141,31.6666666667,28.3333333333,0
103,42.125,75.0,0
140,-30.0,45.0,0
140,45.0,65.0,0
140,40.0,80.0,0
84,0.0,0.0,0
87,0.0,0.0,0
140,16.8181818182,32.7272727273,0
140,-50.0,70.0,0
140,62.5,50.0,0
140,50.0,100.0,0
140,31.25,60.0,0
144,53.8541666667,61.6666666667,0
140,0.0,0.0,0
140,0.0,0.0,0
142,16.6666666667,33.3333333333,0
144,53.8541666667,61.6666666667,0
140,80.0,75.0,0
140,-25.0,27.5,0
140,12.5,16.6666666667,0
140,20.8333333333,33.3333333333,0
140,0.0,0.0,0
136,0.0,0.0,0
140,0.0,0.0,0
140,100.0,87.5,0
69,80.0,75.0,0
140,70.0,60.0,0
141,0.0,0.0,0
140,40.0,80.0,0
140,17.2348484848,31.0606060606,0
140,0.0,100.0,0
139,0.0,0.0,0
103,50.0,50.0,0
137,0.0,50.0,0
140,0.0,0.0,0
137,-15.5555555556,28.8888888889,0
141,0.0,75.0,0
139,0.0,75.0,0
140,0.0,0.0,0
140,0.0,0.0,0
140,0.0,0.0,0
129,0.0,0.0,0
140,87.5,60.0,0
139,20.1262626263,44.4444444444,0
140,90.0,75.0,0
141,0.0,75.0,0
140,6.25,37.5,0
144,0.0,0.0,0
140,0.0,0.0,0
140,0.0,0.0,0
140,0.0,0.0,0
129,47.03125,50.0,0
139,0.0,0.0,0
140,10.7142857143,69.6428571429,0
140,30.0,43.3333333333,0
140,0.0,100.0,0
140,-50.0,50.0,0
140,36.25,53.3333333333,0
140,16.8181818182,32.7272727273,0
141,0.0,0.0,0
140,12.8787878788,27.7777777778,0
140,21.4285714286,51.3392857143,0
142,24.3333333333,47.0,0
133,26.6666666667,56.1111111111,0
140,10.0,95.0,0
139,56.6666666667,80.0,0
139,0.0,0.0,0
140,50.0,88.8888888889,0
140,0.0,0.0,0
138,0.0,0.0,0
141,40.0,40.0,0
134,0.0,65.0,0
139,0.0,0.0,0
140,0.0,0.0,0
140,0.0,0.0,0
139,-15.0,40.0,0
145,0.0,12.5,0
140,12.5,25.0,0
144,53.8541666667,61.6666666667,0
134,0.0,10.0,0
140,-6.66666666667,53.3333333333,0
78,45.0,80.0,0
140,0.0,0.0,0
140,5.0,52.5,0
82,0.0,0.0,0
138,2.5,45.0,0
140,0.0,66.6666666667,0
140,0.0,0.0,0
140,0.0,0.0,0
140,0.0,0.0,0
139,22.5,45.0,0
141,13.6363636364,45.4545454545,0
142,16.6666666667,33.3333333333,0
140,37.7777777778,48.6111111111,0
145,0.0,12.5,0
140,0.0,75.0,0
142,24.3333333333,47.0,0
138,20.0,20.0,0
142,25.0,33.3333333333,0
140,0.0,0.0,0
140,-8.21428571429,16.4285714286,0
139,56.6666666667,64.1666666667,0
141,0.0,0.0,0
140,0.0,0.0,0
140,-13.3333333333,60.0,0
139,0.0,0.0,0
140,0.0,0.0,0
140,80.0,75.0,0
145,0.0,12.5,0
139,0.0,0.0,0
144,21.6666666667,42.9166666667,0
139,20.1262626263,44.4444444444,0
141,40.0,40.0,0
140,6.25,37.5,0
140,0.0,0.0,0
142,24.3333333333,47.0,0
80,0.0,0.0,0
139,0.0,0.0,0
140,0.0,87.5,0
139,62.5,80.0,0
133,100.0,30.0,0
140,35.0,30.0,0
131,0.0,0.0,0
135,0.0,0.0,0
142,24.3333333333,47.0,0
146,0.0,0.0,0
68,80.0,75.0,0
140,10.6534090909,25.0,0
134,0.0,10.0,0
142,24.3333333333,47.0,0
139,18.75,68.75,0
144,30.0,65.0,0
141,40.0,40.0,0
133,0.0,0.0,0
143,0.0,0.0,0
140,0.0,0.0,0
140,0.0,0.0,0
140,0.0,0.0,0
173,0.0,0.0,0
140,0.0,0.0,0
176,0.0,100.0,0
79,45.0,80.0,1
141,-15.5555555556,28.8888888889,1
139,17.34375,53.125,1
140,12.5,16.6666666667,1
139,0.0,0.0,1
139,0.0,0.0,1
41,0.0,0.0,1
140,5.0,52.5,1
136,20.0,50.0,1
140,0.0,75.0,1
140,0.0,0.0,1
140,0.0,0.0,1
140,32.7777777778,58.3333333333,1
139,0.0,0.0,1
140,0.0,0.0,1
140,1.25,95.0,1
140,6.81818181818,40.0,1
137,0.0,0.0,1
140,20.3787878788,38.4848484848,1
140,-12.5,37.5,1
140,0.0,40.0,1
144,10.0,50.0,1
140,0.0,0.0,1
41,0.0,0.0,1
140,50.0,50.0,1
91,37.5,87.5,1
140,33.3333333333,66.6666666667,1
132,0.0,0.0,1
140,5.0,45.0,1
139,0.0,5.0,1
131,0.0,0.0,1
141,-43.1818181818,67.7272727273,1
140,0.0,0.0,1
140,10.0,33.75,1
140,0.0,0.0,1
139,18.1818181818,50.0,1
129,0.0,0.0,1
140,10.625,21.6666666667,1
140,0.0,0.0,1
140,0.0,40.0,1
125,0.0,0.0,1
142,52.0833333333,50.0,1
141,40.0,40.0,1
140,25.0,50.0,1
140,100.0,100.0,1
140,0.0,0.0,1
140,0.0,0.0,1
140,0.0,75.0,1
138,15.1515151515,39.3939393939,1
139,20.1262626263,44.4444444444,1
140,21.6666666667,58.3333333333,1
140,0.0,25.0,1
140,6.25,37.5,1
140,0.0,40.0,1
140,13.3333333333,28.5714285714,1
120,-40.0,55.0,1
131,0.0,100.0,1
140,20.0,40.0,1
140,-50.0,50.0,1
121,25.0,30.0,1
140,0.0,0.0,1
140,25.0,50.0,1
140,0.0,0.0,1
140,0.0,0.0,1
140,0.0,25.0,1
118,5.0,10.0,1
50,40.0,80.0,1
140,0.0,0.0,1
140,0.0,50.0,1
130,35.0,35.0,1
140,0.0,0.0,1
140,62.5,50.0,1
136,40.0,56.6666666667,1
140,0.0,40.0,1
139,0.0,0.0,1
140,50.0,75.0,1
125,0.0,0.0,1
140,0.0,0.0,1
139,62.5,27.5,1
144,0.0,0.0,1
127,25.0,33.3333333333,1
140,0.0,0.0,1
140,0.0,0.0,1
143,30.0,10.0,1
146,43.3333333333,83.3333333333,1
144,68.75,33.75,1
140,0.0,0.0,1
136,0.0,0.0,1
140,13.3333333333,34.4444444444,1
134,0.0,0.0,1
140,82.5,93.3333333333,1
140,0.0,0.0,1
139,-20.0,40.0,1
139,75.0,95.0,1
139,-20.0,40.0,1
140,28.5227272727,65.0,1
139,35.0,55.8333333333,1
140,31.25,25.0,1
142,10.0,38.3333333333,1
139,25.0,50.0,1
139,0.0,57.5,1
140,10.625,21.6666666667,1
140,13.6363636364,50.0,1
140,30.0,0.0,1
139,0.0,0.0,1
136,50.0,50.0,1
139,30.0,56.25,1
139,0.0,91.6666666667,1
142,17.2222222222,39.4444444444,1
143,26.8181818182,72.7272727273,1
140,0.0,0.0,1
140,0.0,0.0,1
145,0.0,12.5,1
140,0.0,0.0,1
74,20.0,30.0,1
141,50.0,50.0,1
140,0.0,0.0,1
140,0.0,0.0,1
140,0.0,0.0,1
139,0.0,91.6666666667,1
140,0.0,0.0,1
140,60.0,90.0,1
138,13.6363636364,50.0,1
133,0.0,100.0,1
141,0.0,100.0,1
140,0.0,0.0,1
143,30.0,80.0,1
140,15.0,45.0,1
140,0.0,0.0,1
135,0.0,0.0,1
139,0.0,0.0,1
140,23.2142857143,52.4404761905,1
139,0.0,0.0,1
140,0.0,0.0,1
140,-8.33333333333,40.8333333333,1
140,0.0,0.0,1
140,0.0,0.0,1
139,0.0,0.0,1
103,17.0454545455,45.4545454545,1
140,0.0,0.0,1
135,-20.8333333333,6.66666666667,1
119,10.0,57.5,1
141,-31.25,56.25,1
140,2.5,40.0,1
144,10.0,40.0,1
137,40.0,80.0,1
140,0.0,100.0,1
140,40.0,70.0,1
140,13.6363636364,50.0,1
138,25.5681818182,66.4772727273,1
140,-8.33333333333,40.8333333333,1
140,0.0,63.3333333333,1
112,0.0,0.0,1
144,0.0,0.0,1
140,-8.33333333333,26.6666666667,1
140,0.0,0.0,1
134,25.0,50.0,1
144,10.0,40.0,1
140,0.0,75.0,1
126,0.0,0.0,1
139,0.0,0.0,1
136,-39.0625,50.0,1
142,0.0,0.0,1
140,21.1038961039,49.512987013,1
140,0.0,0.0,1
140,7.14285714286,39.2857142857,1
140,42.5,61.6666666667,1
140,0.0,40.0,1
140,0.0,40.0,1
140,-27.0833333333,83.3333333333,1
140,0.0,0.0,1
140,24.4444444444,42.2222222222,1
143,20.0,25.0,1
140,4.16666666667,41.6666666667,1
140,0.0,40.0,1
94,0.0,0.0,1
140,21.4285714286,64.2857142857,1
140,0.0,0.0,1
140,26.7857142857,64.2857142857,1
138,-62.5,100.0,1
134,0.0,0.0,1
140,6.5,38.5,1
140,0.0,0.0,1
140,-50.0,70.0,1
140,50.0,50.0,1
124,25.0,50.0,1
140,-12.5,37.5,1
75,37.5,40.0,1
140,50.0,80.0,1
137,12.5,54.1666666667,1
140,0.0,40.0,1
111,0.0,0.0,1
140,0.0,50.0,1
140,1.25,95.0,1
140,0.0,0.0,1
140,50.0,50.0,1
140,0.0,0.0,1
134,13.6363636364,50.0,1
140,16.8181818182,32.7272727273,1
140,-11.6666666667,28.3333333333,1
140,20.0,40.0,1
140,0.0,40.0,1
140,37.8787878788,81.8181818182,1
140,-50.0,70.0,1
140,15.0,45.0,1
140,0.0,0.0,1
140,100.0,30.0,1
140,20.0,70.0,1
136,0.0,0.0,1
140,0.0,0.0,1
140,0.0,0.0,1
140,0.0,0.0,1
111,0.0,0.0,1
140,2.5,40.0,1
140,0.0,0.0,1
115,0.0,0.0,1
140,7.14285714286,39.2857142857,1
141,0.0,100.0,1
140,38.5714285714,53.5714285714,1
140,12.5,12.5,1
140,0.0,0.0,1
140,38.5714285714,53.5714285714,1
140,13.6363636364,50.0,1
140,21.4285714286,64.2857142857,1
135,35.0,46.25,1
140,0.0,0.0,1
140,50.0,50.0,1
140,62.5,95.0,1
140,70.0,35.0,1
140,33.75,56.875,1
130,10.0,40.0,1
139,0.0,0.0,1
140,0.0,40.0,1
140,80.0,75.0,1
115,0.0,0.0,1
140,0.0,75.0,1
144,0.0,37.5,1
117,25.0,30.0,1
140,0.0,0.0,1
140,0.0,75.0,1
135,-29.1666666667,54.1666666667,1
141,31.6666666667,28.3333333333,1
140,50.0,50.0,1
139,21.4285714286,64.2857142857,1
140,0.0,0.0,1
133,0.0,30.0,1
140,46.0,58.0,1
140,0.0,10.0,1
140,25.0,25.0,1
140,0.0,0.0,1
140,-12.5,37.5,1
144,0.0,0.0,1
140,41.3636363636,62.2727272727,1
140,50.0,50.0,1
140,0.0,0.0,1
140,80.0,75.0,1
133,-15.0,37.5,1
140,0.0,12.5,1
140,0.0,0.0,1
142,24.3333333333,47.0,1
140,-31.6666666667,30.0,1
140,51.6287878788,66.8181818182,1
115,0.0,0.0,1
140,33.3333333333,13.3333333333,1
111,0.0,0.0,1
129,-12.5,45.0,1
140,0.0,0.0,1
140,13.6363636364,50.0,1
139,0.0,0.0,1
130,21.4285714286,35.7142857143,1
140,33.3333333333,50.0,1
136,50.0,50.0,1
133,0.0,0.0,1
140,0.0,75.0,1
136,50.0,50.0,1
141,0.0,75.0,1
140,15.0,45.0,1
140,8.33333333333,28.3333333333,1
122,0.0,0.0,1
140,0.0,0.0,1
140,-3.57142857143,32.1428571429,1
96,0.0,0.0,1
140,0.0,37.5,1
140,0.0,40.0,1
139,-37.5,60.0,1
140,0.0,0.0,1
137,39.1666666667,35.8333333333,1
140,25.0,40.0,1
140,15.291005291,64.3915343915,1
139,38.0681818182,47.7272727273,1
132,52.5,66.6666666667,1
140,0.0,10.0,1
140,-4.46428571429,7.14285714286,1
140,-20.0,10.0,1
140,0.0,0.0,1
42,40.0,80.0,1
140,-12.5,37.5,1
139,50.0,70.0,1
140,0.0,0.0,1
136,0.0,0.0,1
140,27.1428571429,51.4285714286,1
140,-12.5,37.5,1
146,0.0,0.0,1
140,0.0,100.0,1
140,0.0,0.0,1
140,0.0,0.0,1
139,50.0,50.0,1
145,21.4285714286,35.7142857143,1
139,0.0,0.0,1
140,9.72727272727,64.5909090909,1
131,0.0,100.0,1
140,40.0,55.0,1
117,41.8526785714,64.2857142857,1
140,0.0,0.0,1
140,7.14285714286,39.2857142857,1
144,0.0,0.0,1
146,0.0,0.0,1
140,-12.5,37.5,1
140,78.125,50.0,1
140,0.0,40.0,1
128,36.6666666667,70.0,1
140,37.5,10.0,1
85,0.0,0.0,1
143,20.0,25.0,1
140,0.0,0.0,1
140,35.0,55.0,1
140,0.0,0.0,1
140,75.0,40.0,1
137,12.5,54.1666666667,1
140,0.0,0.0,1
125,0.0,0.0,1
140,0.0,0.0,1
140,0.0,0.0,1
140,0.0,0.0,1
140,3.33333333333,66.6666666667,1
140,0.0,0.0,1
140,70.0,35.0,1
140,62.5,52.5,1
140,13.6363636364,50.0,1
139,26.6666666667,41.9047619048,1
140,53.3333333333,56.6666666667,1
140,22.0,84.6666666667,1
140,13.6363636364,50.0,1
140,1.25,95.0,1
132,30.0,0.0,1
111,13.6363636364,45.4545454545,1
140,15.0,45.0,1
142,0.0,0.0,1
135,21.875,50.0,1
140,-12.5,37.5,1
140,0.0,40.0,1
140,0.0,0.0,1
140,15.0,45.0,1
140,0.0,0.0,1
140,27.1428571429,51.4285714286,1
140,33.3333333333,13.3333333333,1
140,0.0,75.0,1
140,16.6666666667,20.8333333333,1
142,0.0,0.0,1
140,0.0,0.0,1
126,25.0,75.0,1
73,0.0,0.0,1
140,-50.0,30.0,1
142,25.0,50.0,1
140,7.14285714286,39.2857142857,1
140,35.7142857143,57.1428571429,1
144,0.0,0.0,1
140,-30.0,40.0,1
140,28.5714285714,53.5714285714,1
140,0.0,0.0,1
136,40.0,90.0,1
140,21.4285714286,64.2857142857,1
145,35.0,80.0,1
140,0.0,0.0,1
140,0.0,0.0,1
140,50.0,50.0,1
140,0.0,0.0,1
140,10.0,0.0,1
140,0.0,0.0,1
138,25.0,25.0,1
140,0.0,0.0,1
132,0.0,0.0,1
140,60.4166666667,55.0,1
139,0.0,0.0,1
140,0.0,0.0,1
140,4.54545454545,34.595959596,1
101,0.0,0.0,1
140,0.0,0.0,1
143,30.0,80.0,1
140,-4.46428571429,7.14285714286,1
140,12.6984126984,38.0952380952,1
130,3.33333333333,6.66666666667,1
140,50.0,50.0,1
140,0.0,0.0,1
140,0.0,0.0,1
140,0.0,40.0,1
140,15.0,45.0,1
140,20.0,51.9047619048,1
140,0.0,40.0,1
140,41.25,50.0,1
140,-10.0,60.0,1
139,0.0,0.0,1
140,0.0,0.0,1
140,0.0,0.0,1
140,68.75,50.0,1
140,15.0,45.0,1
140,0.0,75.0,1
139,4.54545454545,34.595959596,1
104,0.0,40.0,1
140,1.25,95.0,1
133,0.0,100.0,1
140,0.0,0.0,1
140,17.0454545455,50.0,1
133,25.0,50.0,1
140,0.0,70.0,1
140,48.0,47.0,1
140,0.0,25.0,1
140,20.0,30.0,1
140,20.0,65.0,1
141,80.0,75.0,1
142,24.3333333333,47.0,1
140,15.0,45.0,1
140,1.25,95.0,1
139,62.5,50.0,1
84,0.0,0.0,1
140,-11.6666666667,28.3333333333,1
140,70.0,80.0,1
136,0.0,0.0,1
144,20.0,30.0,1
140,93.75,95.0,1
121,13.6363636364,45.4545454545,1
123,75.0,100.0,1
144,41.1111111111,53.6111111111,1
136,50.0,50.0,1
140,0.0,0.0,1
140,-5.55555555556,38.8888888889,1
140,60.7142857143,47.1428571429,1
144,68.75,33.75,1
140,0.0,63.3333333333,1
140,0.0,0.0,1
140,0.0,0.0,1
140,0.0,0.0,1
140,62.5,35.0,1
140,0.0,0.0,1
142,24.3333333333,47.0,1
140,-37.5,50.0,1
140,30.0,46.6666666667,1
140,-12.5,37.5,1
140,0.0,25.0,1
136,0.0,100.0,1
123,0.0,0.0,1
140,50.0,66.6666666667,1
140,0.0,0.0,1
140,20.0,50.0,1
139,0.0,0.0,1
140,32.7777777778,58.3333333333,1
115,10.0,40.0,1
140,0.0,0.0,1
86,-30.6818181818,75.0,1
139,0.0,0.0,1
140,-16.6666666667,6.66666666667,1
140,-7.77777777778,64.4444444444,1
140,0.0,0.0,1
140,0.0,0.0,1
140,-50.0,70.0,1
140,20.0,30.0,1
140,16.6666666667,50.0,1
136,-93.75,100.0,1
140,0.0,0.0,1
140,6.42857142857,12.1428571429,1
140,0.0,75.0,1
140,1.25,95.0,1
140,7.14285714286,39.2857142857,1
140,0.0,0.0,1
140,0.0,0.0,1
140,15.0,45.0,1
140,27.1428571429,51.4285714286,1
148,0.0,0.0,1
140,0.0,0.0,1
140,7.14285714286,39.2857142857,1
96,0.0,0.0,1
145,0.0,0.0,1
138,0.0,0.0,1
140,0.0,0.0,1
142,0.0,100.0,1
144,50.0,15.0,1
140,0.0,0.0,1
140,58.6666666667,87.1666666667,1
113,0.0,0.0,1
88,0.0,0.0,1
140,16.6666666667,16.6666666667,1
139,0.0,100.0,1
140,0.0,0.0,1
115,0.0,0.0,1
144,50.0,75.0,1
153,0.0,100.0,1
142,17.0454545455,50.0,1
140,48.0,47.0,1
140,0.0,50.0,1
140,8.33333333333,29.1666666667,1
144,10.0,36.6666666667,1
140,-8.33333333333,40.8333333333,1
140,0.0,0.0,1
103,0.0,0.0,1
140,10.0,22.5,1
140,5.0,30.0,1
140,0.0,0.0,1
140,33.3333333333,38.8888888889,1
140,0.0,0.0,1
140,-8.33333333333,40.8333333333,1
140,0.0,100.0,1
142,-40.0,70.0,1
143,-40.0,40.0,1
148,0.0,0.0,1
146,0.0,100.0,1
143,30.0,80.0,1
135,-40.0,40.0,1
140,-50.0,50.0,1
131,0.0,0.0,1
140,0.0,0.0,1
140,25.0,33.3333333333,1
140,0.0,0.0,1
137,12.5,54.1666666667,1
140,0.0,0.0,1
140,31.8181818182,47.7272727273,1
132,64.1666666667,66.6666666667,1
139,0.0,6.66666666667,1
140,10.6534090909,25.0,1
137,-18.2291666667,52.0833333333,1
146,0.0,100.0,1
142,-40.0,70.0,1
142,-40.0,70.0,1
140,0.0,87.5,1
139,0.0,0.0,1
139,0.0,0.0,1
146,6.81818181818,47.7272727273,1
141,46.6666666667,66.6666666667,1
139,0.0,30.0,1
140,50.0,50.0,1
137,0.0,0.0,1
131,25.6565656566,62.9292929293,1
140,80.0,90.0,1
138,20.0,20.0,1
140,33.3333333333,38.8888888889,1
140,7.14285714286,24.7619047619,1
142,-1.66666666667,27.5,1
140,50.0,50.0,1
140,33.3333333333,50.0,1
140,0.0,0.0,1
140,21.4285714286,64.2857142857,1
92,8.33333333333,13.3333333333,1
140,0.0,0.0,1
139,30.0,81.25,1
140,21.4285714286,64.2857142857,1
140,0.0,0.0,1
140,31.6071428571,55.4761904762,1
140,0.0,0.0,1
140,0.0,0.0,1
131,0.0,0.0,1
140,0.0,100.0,1
140,13.6363636364,50.0,1
140,0.0,75.0,1
140,10.7142857143,57.1428571429,1
139,0.0,40.0,1
140,-4.46428571429,7.14285714286,1
118,8.33333333333,8.33333333333,1
142,-1.66666666667,27.5,1
136,43.3333333333,83.3333333333,1
139,13.6363636364,45.4545454545,1
140,17.0454545455,45.4545454545,1
140,0.0,0.0,1
140,6.81818181818,40.0,1
136,50.0,50.0,1
139,0.0,0.0,1
140,0.0,75.0,1
112,0.0,0.0,1
140,20.0,20.0,1
139,30.0,81.25,1
140,10.0,40.0,1
140,-8.33333333333,40.8333333333,1
138,13.6363636364,50.0,1
140,33.3333333333,50.0,1
140,15.0,42.5,1
140,25.0,25.0,1
139,6.25,50.0,1
140,33.3333333333,38.8888888889,1
140,70.0,60.0,1
140,-8.33333333333,40.8333333333,1
139,0.0,0.0,1
140,75.0,76.6666666667,1
140,76.6666666667,70.0,1
140,0.0,0.0,1
140,0.0,0.0,1
140,0.0,75.0,1
99,0.0,0.0,1
140,0.0,0.0,1
141,40.0,40.0,1
140,0.0,10.0,1
139,21.3068181818,45.4545454545,1
144,0.0,0.0,1
140,20.0,30.0,1
140,0.0,0.0,1
140,50.0,90.0,1
141,0.0,21.25,1
140,0.0,75.0,1
139,0.0,0.0,1
140,4.72222222222,39.4444444444,1
142,28.9236111111,27.2222222222,1
142,-40.0,70.0,1
144,10.2777777778,48.0555555556,1
139,0.0,0.0,1
140,33.2,60.3,1
140,-15.0,40.0,1
107,0.0,10.0,1
142,-40.0,70.0,1
116,8.33333333333,13.3333333333,1
139,33.3333333333,50.0,1
141,-12.5,25.0,1
140,12.5,40.0,1
139,16.8181818182,52.7272727273,1
140,0.0,100.0,1
142,-1.66666666667,27.5,1
140,13.3333333333,20.8333333333,1
143,0.0,0.0,1
140,0.0,0.0,1
139,0.0,0.0,1
140,-31.25,68.75,1
140,13.6363636364,45.4545454545,1
139,0.0,100.0,1
140,0.0,0.0,1
140,-50.0,70.0,1
140,0.0,0.0,1
140,0.0,0.0,1
140,50.0,50.0,1
90,50.0,75.0,1
140,56.25,50.0,1
140,0.0,0.0,1
140,25.5681818182,72.7272727273,1
140,75.0,65.0,1
140,0.0,17.8571428571,1
139,0.0,0.0,1
140,0.0,0.0,1
139,0.0,0.0,1
135,-25.0,41.25,1
140,57.8787878788,65.1515151515,1
140,25.0,43.75,1
118,0.0,0.0,1
144,17.0454545455,50.0,1
140,20.0,87.5,1
129,0.0,0.0,1
140,57.8787878788,65.1515151515,1
140,0.0,0.0,1
139,35.0,55.0,1
146,17.0454545455,45.4545454545,1
140,33.3333333333,38.8888888889,1
140,49.0,52.0,1
140,0.0,0.0,1
140,-4.46428571429,7.14285714286,1
140,15.0,45.0,1
140,33.3333333333,66.6666666667,1
140,90.0,90.0,1
140,0.0,0.0,1
140,15.0,45.0,1
144,10.0,95.0,1
140,0.0,0.0,1
140,10.0,0.0,1
140,50.0,50.0,1
140,0.0,0.0,1
140,50.0,50.0,1
140,0.0,0.0,1
140,100.0,30.0,1
140,0.0,0.0,1
139,13.6363636364,45.4545454545,1
140,0.0,0.0,1
140,-8.33333333333,40.8333333333,1
140,56.25,50.0,1
140,-75.0,100.0,1
139,25.0,25.0,1
140,50.0,50.0,1
140,50.0,66.6666666667,1
140,38.253968254,65.873015873,1
140,34.375,61.25,1
144,53.8541666667,61.6666666667,1
140,56.25,50.0,1
127,0.0,0.0,1
124,0.0,0.0,1
140,0.0,50.0,1
140,-8.33333333333,40.8333333333,1
139,30.0,51.25,1
131,20.0,30.0,1
75,20.0,30.0,1
140,-5.0,10.0,1
140,0.0,0.0,1
41,0.0,0.0,1
140,0.0,0.0,1
92,25.0,20.0,1
142,0.0,0.0,1
140,3.75,28.75,1
140,7.14285714286,24.7619047619,1
140,0.0,0.0,1
140,0.0,0.0,1
140,0.0,10.0,1
140,33.3333333333,38.8888888889,1
135,52.5,61.4583333333,1
144,10.0,36.6666666667,1
142,-1.66666666667,27.5,1
138,50.0,50.0,1
140,0.0,0.0,1
140,0.0,0.0,1
140,0.0,0.0,1
139,-40.0,30.0,1
140,0.0,0.0,1
144,10.0,36.6666666667,1
140,5.0,52.5,1
140,0.0,0.0,1
140,-15.5555555556,57.7777777778,1
140,62.5,50.0,1
139,0.0,0.0,1
140,0.0,0.0,1
140,0.0,0.0,1
140,0.0,50.0,1
140,0.0,12.5,1
140,0.0,0.0,1
140,31.25,33.3333333333,1
140,-1.0101010101,20.7070707071,1
140,0.0,0.0,1
139,0.0,0.0,1
140,0.0,0.0,1
139,0.0,0.0,1
140,71.2121212121,55.1515151515,1
140,0.0,0.0,1
128,-50.0,70.0,1
135,0.0,0.0,1
142,-40.0,70.0,1
140,0.0,0.0,1
136,50.0,50.0,1
140,0.0,75.0,1
140,0.0,0.0,1
140,0.0,0.0,1
146,0.0,100.0,1
140,0.0,0.0,1
54,13.6363636364,45.4545454545,1
140,41.0,50.0,1
140,25.0,75.0,1
140,25.0,25.0,1
144,40.0,80.0,1
139,0.0,0.0,1
140,10.0,40.0,1
146,0.0,0.0,1
140,3.75,28.75,1
139,0.0,0.0,1
140,0.0,75.0,1
140,0.0,0.0,1
140,50.0,100.0,1
140,33.3333333333,38.8888888889,1
140,20.0,50.0,1
140,0.0,0.0,1
140,0.0,0.0,1
140,25.0,43.3333333333,1
140,0.0,0.0,1
118,0.0,12.5,1
147,10.0,60.0,1
140,50.0,90.0,1
135,13.6363636364,50.0,1
140,0.0,75.0,1
141,0.0,0.0,1
84,0.0,0.0,1
139,0.0,0.0,1
140,60.4166666667,55.0,1
111,0.0,50.0,1
139,0.0,0.0,1
140,15.0,45.0,1
140,12.5,54.1666666667,1
140,6.81818181818,25.0,1
140,0.0,0.0,1
140,50.0,50.0,1
140,0.0,0.0,1
140,0.0,6.66666666667,1
140,0.0,75.0,1
139,50.0,90.0,1
119,40.0,80.0,1
132,43.3333333333,48.3333333333,1
140,58.6666666667,87.1666666667,1
140,-8.33333333333,40.8333333333,1
137,12.5,54.1666666667,1
148,0.0,0.0,1
140,31.2121212121,48.4848484848,1
140,0.0,0.0,1
140,-8.33333333333,40.8333333333,1
140,0.0,0.0,1
140,0.0,0.0,1
140,-15.5555555556,57.7777777778,1
142,-40.0,70.0,1
105,-29.1666666667,54.1666666667,1
140,0.0,0.0,1
140,0.0,0.0,1
144,50.0,90.0,1
141,-1.66666666667,55.0,1
140,0.0,0.0,1
140,25.0,33.3333333333,1
140,17.0454545455,50.0,1
139,45.0,45.0,1
140,0.0,0.0,1
138,20.0,20.0,1
140,0.0,0.0,1
140,0.0,50.0,1
139,-12.0833333333,54.5833333333,1
94,0.0,0.0,1
112,-29.1666666667,54.1666666667,1
138,0.0,0.0,1
143,50.0,90.0,1
140,0.0,0.0,1
140,58.6666666667,87.1666666667,1
134,0.0,12.5,1
140,0.0,0.0,1
138,25.0,25.0,1
118,0.0,0.0,1
132,0.0,0.0,1
140,13.6363636364,50.0,1
140,0.0,0.0,1
140,28.5227272727,65.0,1
140,33.3333333333,38.8888888889,1
135,13.6363636364,50.0,1
140,50.0,90.0,1
140,80.0,90.0,1
140,15.0,45.0,1
141,-1.66666666667,55.0,1
126,5.0,20.0,1
141,13.6363636364,45.4545454545,1
140,0.0,83.3333333333,1
140,-15.5555555556,57.7777777778,1
140,0.0,0.0,1
143,-12.5,37.8571428571,1
122,6.81818181818,22.7272727273,1
142,-40.0,70.0,1
140,0.0,0.0,1
140,15.0,45.0,1
140,0.0,0.0,1
140,0.0,0.0,1
140,0.0,0.0,1
139,0.0,0.0,1
89,0.0,37.5,1
140,15.0,45.0,1
141,13.4090909091,34.0909090909,1
140,0.0,100.0,1
140,0.0,100.0,1
141,-1.66666666667,55.0,1
140,13.6363636364,50.0,1
140,-9.375,75.0,1
140,35.0,35.0,1
140,0.0,0.0,1
133,40.0,80.0,1
140,-5.0,10.0,1
142,41.6666666667,44.4444444444,1
140,0.0,0.0,1
118,21.3068181818,50.0,1
140,20.0,20.0,1
140,0.0,10.0,1
140,0.0,0.0,1
140,5.0,52.5,1
140,28.5227272727,65.0,1
139,0.0,100.0,1
140,0.0,0.0,1
140,33.3333333333,38.8888888889,1
140,20.0,20.0,1
139,60.0,100.0,1
135,0.0,0.0,1
140,-15.5555555556,57.7777777778,1
140,-14.5833333333,52.0833333333,1
140,31.25,33.3333333333,1
140,0.0,0.0,1
141,13.4090909091,34.0909090909,1
140,13.3333333333,28.5714285714,1
142,16.6666666667,33.3333333333,1
140,-7.14285714286,21.4285714286,1
140,28.5227272727,65.0,1
128,0.0,0.0,1
140,0.0,0.0,1
148,27.5,42.5,1
90,0.0,10.0,1
140,0.0,0.0,1
140,60.0,83.3333333333,1
129,28.75,47.5,1
138,25.0,25.0,1
94,0.0,0.0,1
144,50.0,53.3333333333,1
115,-12.5,50.0,1
140,60.0,100.0,1
140,-14.5833333333,52.0833333333,1
108,0.0,0.0,1
140,8.21428571429,52.1428571429,1
140,35.5,67.5,1
136,0.0,0.0,1
118,0.0,0.0,1
118,8.33333333333,13.3333333333,1
143,30.0,80.0,1
74,50.0,100.0,1
140,47.9166666667,45.8333333333,1
140,0.0,0.0,1
124,100.0,30.0,1
141,0.0,0.0,1
131,25.0,50.0,1
140,51.6287878788,66.8181818182,1
140,0.0,0.0,1
140,0.0,0.0,1
129,50.0,50.0,1
140,0.0,0.0,1
82,8.33333333333,28.3333333333,1
140,0.0,0.0,1
140,31.25,60.0,1
136,50.0,50.0,1
142,-1.66666666667,27.5,1
140,8.33333333333,28.3333333333,1
131,0.0,0.0,1
136,50.0,50.0,1
85,0.0,0.0,1
139,58.0,70.0,1
122,0.0,0.0,1
140,0.0,0.0,1
140,0.0,75.0,1
139,0.0,0.0,1
140,4.33862433862,60.8201058201,1
140,33.3333333333,38.8888888889,1
142,0.0,0.0,1
140,31.25,33.3333333333,1
142,-1.66666666667,27.5,1
140,25.0,82.5,1
140,58.6666666667,87.1666666667,1
140,0.0,50.0,1
140,14.375,39.0178571429,1
146,0.0,100.0,1
139,40.0,40.0,1
139,28.0,61.0,1
142,-40.0,70.0,1
138,20.0,20.0,1
146,0.0,0.0,1
139,0.0,0.0,1
140,38.253968254,65.873015873,1
139,-37.5,60.0,1
128,0.0,0.0,1
144,53.8541666667,61.6666666667,1
139,0.0,0.0,1
140,56.25,50.0,1
140,13.6363636364,45.4545454545,1
140,15.0,45.0,1
141,67.7083333333,73.3333333333,1
143,20.0,25.0,1
136,0.0,0.0,1
80,0.0,0.0,1
140,8.33333333333,11.1111111111,1
140,33.3333333333,38.8888888889,1
140,40.0,100.0,1
140,8.0,42.0,1
137,0.0,0.0,1
144,57.5,72.5,1
140,0.0,0.0,1
140,-5.0,40.0,1
140,15.0,45.0,1
140,22.5,26.6666666667,1
140,0.0,0.0,1
56,0.0,0.0,1
140,37.5,75.0,1
142,-40.0,70.0,1
112,0.0,0.0,1
140,40.0,100.0,1
142,28.9236111111,27.2222222222,1
142,-40.0,70.0,1
134,0.0,0.0,1
140,61.6666666667,78.3333333333,1
140,17.8787878788,28.4848484848,1
140,22.2,67.0,1
148,0.0,0.0,1
140,0.0,50.0,1
140,55.9090909091,42.5,1
143,90.0,100.0,1
129,0.0,0.0,1
140,60.0,77.5,1
140,1.25,95.0,1
126,0.0,0.0,1
140,0.0,0.0,1
140,-50.0,70.0,1
140,15.0,42.5,1
137,12.5,54.1666666667,1
131,71.25,70.0,1
139,-37.5,60.0,1
146,0.0,100.0,1
140,6.81818181818,25.0,1
146,0.0,100.0,1
140,70.0,35.0,1
140,0.0,0.0,1
140,0.0,12.5,1
140,25.0,25.0,1
140,33.3333333333,38.8888888889,1
138,0.0,0.0,1
140,0.0,0.0,1
140,6.81818181818,25.0,1
140,0.0,0.0,1
140,0.0,0.0,1
137,31.25,33.3333333333,1
140,17.0454545455,50.0,1
140,0.0,0.0,1
144,10.0,36.6666666667,1
103,60.0,100.0,1
139,0.0,0.0,1
107,80.0,75.0,1
140,50.0,50.0,1
144,9.89285714286,45.2261904762,1
140,32.9166666667,33.3333333333,1
132,0.0,0.0,1
92,80.0,75.0,1
140,50.0,50.0,1
144,10.0,36.6666666667,1
88,60.0,100.0,1
139,83.75,80.0,1
144,10.0,36.6666666667,1
140,0.0,0.0,1
140,22.3214285714,54.4642857143,1
139,20.0,50.0,1
144,10.0,36.6666666667,1
135,0.0,0.0,1
140,15.625,50.0,1
140,20.0,30.0,1
144,10.0,36.6666666667,1
146,0.0,0.0,1
125,6.66666666667,8.33333333333,1
112,0.0,0.0,1
145,0.0,12.5,1
132,0.0,0.0,1
112,0.0,0.0,1
140,100.0,30.0,1
140,54.5454545455,64.7811447811,1
144,10.0,36.6666666667,1
140,0.0,0.0,1
132,25.0,25.0,1
140,80.0,40.0,1
144,9.89285714286,45.2261904762,1
140,33.3333333333,37.6666666667,1
140,-12.5,45.0,1
140,0.0,0.0,1
140,0.0,0.0,1
144,10.0,36.6666666667,1
140,0.0,0.0,1
140,20.0,50.0,1
140,0.0,0.0,1
140,-10.9848484848,63.6363636364,1
139,50.0,50.0,1
140,-50.0,70.0,1
140,25.0,65.8333333333,1
144,10.0,36.6666666667,1
140,30.9090909091,44.8484848485,1
144,10.0,36.6666666667,1
140,12.5,16.6666666667,1
140,0.0,75.0,1
144,10.0,36.6666666667,1
140,40.0,80.0,1
140,60.0,90.0,1
138,0.0,0.0,1
141,13.6363636364,45.4545454545,1
140,50.0,50.0,1
144,9.89285714286,45.2261904762,1
133,0.0,0.0,1
140,0.0,0.0,1
144,9.89285714286,45.2261904762,1
144,10.0,36.6666666667,1
142,25.0,50.0,1
140,50.0,100.0,1
137,0.0,0.0,1
144,10.0,36.6666666667,1
140,0.0,0.0,1
140,1.25,95.0,1
140,30.9090909091,44.8484848485,1
144,9.89285714286,45.2261904762,1
140,14.375,39.0178571429,1
144,10.0,36.6666666667,1
140,0.0,50.0,1
140,-1.66666666667,36.6666666667,1
140,10.7142857143,32.1428571429,1
140,0.0,0.0,1
118,21.3068181818,50.0,1
118,0.0,0.0,1
144,10.0,36.6666666667,1
140,0.0,0.0,1
144,9.89285714286,45.2261904762,1
133,15.0,45.0,1
139,-1.66666666667,36.6666666667,1
139,15.0,30.0,1
140,0.0,0.0,1
140,40.0,80.0,1
144,9.89285714286,45.2261904762,1
144,10.0,36.6666666667,1
140,10.0,40.0,1
144,10.0,36.6666666667,1
140,0.0,0.0,1
140,0.0,0.0,1
140,0.0,0.0,1
144,10.0,36.6666666667,1
140,0.0,0.0,1
144,9.89285714286,45.2261904762,1
140,0.0,0.0,1
140,0.0,0.0,1
140,62.5,95.0,1
140,0.0,0.0,1
140,-50.0,70.0,1
144,10.0,36.6666666667,1
103,0.0,0.0,1
103,0.0,0.0,1
140,30.9090909091,44.8484848485,1
145,40.0,80.0,1
140,0.0,0.0,1
103,-20.0,40.0,1
140,0.0,0.0,1
140,27.763967803,48.8888888889,1
121,0.0,0.0,1
140,30.9090909091,44.8484848485,1
140,30.9090909091,44.8484848485,1
140,5.0,69.1666666667,1
140,25.0,31.25,1
140,0.0,0.0,1
140,0.0,0.0,1
132,0.0,0.0,1
140,0.0,0.0,1
111,0.0,0.0,1
140,37.8787878788,35.1515151515,1
140,-12.5,37.5,1
144,10.0,36.6666666667,1
144,53.8541666667,61.6666666667,1
110,0.0,0.0,1
144,10.0,36.6666666667,1
140,-25.0,40.0,1
140,10.7142857143,32.1428571429,1
140,40.0,80.0,1
140,0.0,0.0,1
140,0.0,0.0,1
140,0.0,0.0,1
144,10.0,36.6666666667,1
140,40.0,80.0,1
144,10.0,36.6666666667,1
140,65.0,65.0,1
140,0.0,0.0,1
140,31.25,33.3333333333,1
140,35.0,55.0,1
140,-13.3333333333,60.0,1
138,15.0,45.0,1
140,25.3333333333,55.5,1
140,6.81818181818,40.0,1
135,50.0,50.0,1
144,10.0,36.6666666667,1
111,0.0,0.0,1
140,13.6363636364,45.4545454545,1
140,0.0,0.0,1
140,40.0,80.0,1
140,40.0,80.0,1
141,25.0,20.0,1
133,0.0,0.0,1
149,0.0,0.0,1
134,50.0,90.0,1
99,0.0,0.0,1
140,30.9090909091,44.8484848485,1
144,10.0,36.6666666667,1
133,0.0,0.0,1
141,0.0,75.0,1
140,50.0,50.0,1
94,0.0,0.0,1
140,0.0,0.0,1
140,37.8787878788,35.1515151515,1
135,20.0,50.0,1
140,35.0,35.0,1
140,-13.3333333333,60.0,1
140,0.0,0.0,1
134,25.0,25.0,1
125,6.66666666667,8.33333333333,1
139,83.3333333333,66.6666666667,1
139,12.8787878788,37.7777777778,1
144,10.0,36.6666666667,1
140,0.0,0.0,1
140,0.0,0.0,1
143,60.0,90.0,1
140,30.9090909091,44.8484848485,1
136,50.0,50.0,1
106,0.0,0.0,1
143,0.0,87.5,1
137,12.5,54.1666666667,1
140,37.8787878788,35.1515151515,1
144,10.0,36.6666666667,1
140,0.0,75.0,1
129,31.25,85.0,1
140,0.0,0.0,1
129,31.25,85.0,1
125,6.66666666667,8.33333333333,1
139,-12.5,37.5,1
140,36.6666666667,70.0,1
144,10.0,36.6666666667,1
140,16.8181818182,37.7272727273,1
139,30.0,81.25,1
133,0.0,0.0,1
136,37.8787878788,35.1515151515,1
140,40.0,80.0,1
140,25.0,50.0,1
140,15.0,45.0,1
140,0.0,0.0,1
137,0.0,0.0,1
138,15.0,45.0,1
144,10.0,36.6666666667,1
140,25.0,50.0,1
139,37.5,75.0,1
139,100.0,30.0,1
140,7.5,62.2222222222,1
133,0.0,0.0,1
140,40.0,55.0,1
127,25.0,50.0,1
133,0.0,0.0,1
140,0.0,0.0,1
136,0.0,0.0,1
136,13.6363636364,45.4545454545,1
133,40.0,80.0,1
125,6.66666666667,8.33333333333,1
140,0.0,0.0,1
143,46.6666666667,46.6666666667,1
144,10.0,36.6666666667,1
140,0.0,0.0,1
140,0.0,0.0,1
139,35.0,65.0,1
140,-15.0,40.0,1
140,-13.3333333333,60.0,1
137,0.0,0.0,1
140,0.0,0.0,1
134,0.0,0.0,1
133,0.0,0.0,1
139,0.0,0.0,1
144,10.0,36.6666666667,1
140,2.08333333333,58.3333333333,1
144,10.0,36.6666666667,1
140,80.0,75.0,1
144,10.0,36.6666666667,1
144,41.1111111111,53.6111111111,1
144,10.0,36.6666666667,1
144,10.0,36.6666666667,1
144,13.6363636364,45.4545454545,1
140,33.3333333333,60.0,1
133,0.0,0.0,1
140,10.0,0.0,1
137,69.7544642857,53.5714285714,1
140,0.0,0.0,1
144,10.0,36.6666666667,1
140,0.0,0.0,1
140,0.0,12.5,1
140,-10.0,100.0,1
125,6.66666666667,8.33333333333,1
140,0.0,0.0,1
140,-12.5,60.0,1
133,0.0,0.0,1
140,40.0,80.0,1
140,58.8888888889,66.6666666667,1
140,-80.0,100.0,1
140,36.9444444444,58.0555555556,1
136,68.75,65.0,1
140,54.5454545455,64.7811447811,1
129,-25.0,25.0,1
140,-23.4375,50.0,1
137,12.5,54.1666666667,1
110,0.0,0.0,1
144,10.0,36.6666666667,1
146,0.0,0.0,1
144,10.0,36.6666666667,1
124,0.0,0.0,1
140,37.5,20.0,1
140,0.0,40.0,1
108,25.0,25.0,1
140,1.11111111111,2.22222222222,1
93,35.0,55.0,1
140,0.0,0.0,1
144,10.0,36.6666666667,1
140,30.9090909091,44.8484848485,1
139,0.0,0.0,1
140,70.625,74.7222222222,1
138,0.0,0.0,1
140,31.7272727273,43.0909090909,1
140,100.0,30.0,1
125,6.66666666667,8.33333333333,1
144,10.0,36.6666666667,1
140,100.0,30.0,1
139,0.0,0.0,1
140,40.0,80.0,1
82,0.0,0.0,1
140,40.0,40.0,1
142,0.0,0.0,1
140,0.0,0.0,1
140,0.0,0.0,1
140,-20.0,40.0,1
112,0.0,0.0,1
112,0.0,0.0,1
142,-5.0,66.6666666667,1
140,50.0,50.0,1
140,30.0,10.0,1
139,0.0,0.0,1
140,12.5,16.6666666667,1
138,8.33333333333,20.8333333333,1
94,0.0,0.0,1
140,76.6666666667,56.6666666667,1
139,0.0,0.0,1
133,0.0,0.0,1
140,70.0,60.0,1
77,10.0,100.0,1
125,6.66666666667,8.33333333333,1
139,0.0,0.0,1
144,10.0,36.6666666667,1
144,41.1111111111,53.6111111111,1
140,0.0,0.0,1
140,50.0,50.0,1
143,50.0,50.0,1
139,0.0,0.0,1
130,0.0,10.0,1
144,41.1111111111,53.6111111111,1
140,100.0,30.0,1
140,0.0,0.0,1
138,0.0,0.0,1
140,40.0,80.0,1
140,20.0,50.0,1
110,0.0,0.0,1
143,30.0,80.0,1
140,39.9272727273,47.8909090909,1
140,0.0,58.3333333333,1
140,30.9090909091,44.8484848485,1
140,0.0,50.0,1
140,23.75,43.75,1
144,10.0,36.6666666667,1
140,0.0,0.0,1
54,13.6363636364,45.4545454545,1
131,25.0,25.0,1
140,-20.0,40.0,1
140,40.0,80.0,1
140,0.0,0.0,1
92,75.0,90.0,1
140,10.0,30.0,1
140,0.0,0.0,1
140,35.0,45.0,1
139,0.0,0.0,1
140,0.0,0.0,1
144,0.0,0.0,1
140,0.0,0.0,1
140,50.0,50.0,1
140,-10.0,35.0,1
140,5.0,69.1666666667,1
139,-0.959595959596,39.4444444444,1
140,54.5454545455,64.7811447811,1
144,0.0,0.0,1
140,-5.0,36.25,1
135,17.0454545455,45.4545454545,1
140,-4.46428571429,7.14285714286,1
125,6.66666666667,8.33333333333,1
140,0.0,37.5,1
140,0.0,0.0,1
140,-4.46428571429,7.14285714286,1
140,0.0,75.0,1
140,41.4285714286,57.1428571429,1
140,27.1428571429,51.4285714286,1
140,0.0,0.0,1
140,0.0,0.0,1
140,7.14285714286,39.2857142857,1
140,-4.46428571429,7.14285714286,1
140,0.0,0.0,1
140,30.9090909091,44.8484848485,1
137,12.5,54.1666666667,1
140,78.125,50.0,1
140,14.375,39.0178571429,1
144,10.0,36.6666666667,1
145,35.7142857143,57.1428571429,1
140,-4.46428571429,7.14285714286,1
141,0.0,75.0,1
140,13.8095238095,34.7619047619,1
140,40.0,37.5,1
140,10.7142857143,32.1428571429,1
139,13.6363636364,45.4545454545,1
136,50.0,50.0,1
140,10.0,10.0,1
140,30.9090909091,44.8484848485,1
140,0.0,0.0,1
137,0.0,0.0,1
140,40.0,80.0,1
140,39.9272727273,47.8909090909,1
140,62.5,50.0,1
140,30.9090909091,44.8484848485,1
142,-40.0,70.0,1
104,0.0,0.0,1
140,0.0,0.0,1
140,0.0,0.0,1
118,21.3068181818,50.0,1
140,0.0,0.0,1
143,0.0,0.0,1
140,0.0,0.0,1
140,45.0,75.0,1
142,4.16666666667,43.3333333333,1
125,6.66666666667,8.33333333333,1
140,0.0,0.0,1
129,0.0,0.0,1
140,0.0,0.0,1
141,51.1111111111,71.1111111111,1
140,50.0,90.0,1
140,0.0,0.0,1
140,-13.3333333333,60.0,1
139,10.0,45.0,1
140,100.0,30.0,1
140,0.0,75.0,1
92,80.0,75.0,1
124,50.0,50.0,1
140,0.0,0.0,1
140,0.0,0.0,1
140,0.0,100.0,1
144,10.0,36.6666666667,1
133,50.0,50.0,1
139,0.0,0.0,1
140,13.6363636364,50.0,1
140,-19.4444444444,28.8888888889,1
140,71.2121212121,55.1515151515,1
140,50.0,50.0,1
144,-8.33333333333,3.33333333333,1
137,12.5,54.1666666667,1
140,-4.46428571429,7.14285714286,1
140,0.0,30.0,1
140,8.0,27.0,1
140,21.1111111111,27.2222222222,1
140,17.2222222222,64.4444444444,1
144,10.0,36.6666666667,1
140,0.0,0.0,1
85,0.0,0.0,1
139,0.0,0.0,1
125,6.66666666667,8.33333333333,1
133,0.0,0.0,1
144,10.0,36.6666666667,1
139,0.0,0.0,1
135,60.0,100.0,1
140,40.0,80.0,1
140,8.0,27.0,1
140,0.0,0.0,1
144,10.0,36.6666666667,1
144,41.1111111111,53.6111111111,1
140,25.0,31.25,1
139,15.0,30.0,1
140,0.0,0.0,1
134,0.0,0.0,1
118,21.3068181818,50.0,1
140,0.0,0.0,1
139,100.0,30.0,1
138,16.6666666667,51.1904761905,1
118,21.3068181818,50.0,1
140,-30.0,40.0,1
140,30.0,10.0,1
140,40.0,80.0,1
140,10.0,10.0,1
140,56.25,50.0,1
146,0.0,0.0,1
140,-19.4444444444,28.8888888889,1
140,35.0,45.0,1
140,6.0,12.0,1
140,25.0,25.0,1
131,20.0,20.0,1
139,0.0,0.0,1
125,6.66666666667,8.33333333333,1
140,6.0,12.0,1
144,10.0,36.6666666667,1
119,0.0,0.0,1
140,0.0,10.0,1
139,80.0,40.0,1
140,0.0,0.0,1
140,0.0,0.0,1
139,0.0,6.66666666667,1
135,13.6363636364,50.0,1
140,18.0,42.0,1
136,65.0,65.0,1
138,0.0,0.0,1
140,52.2222222222,77.6388888889,1
140,10.0,10.0,1
140,0.0,75.0,1
140,0.0,0.0,1
140,40.0,80.0,1
140,40.0,80.0,1
140,-3.33333333333,20.8333333333,1
139,37.4090909091,47.3636363636,1
145,0.0,0.0,1
139,0.0,0.0,1
144,10.0,36.6666666667,1
139,30.0,81.25,1
72,20.0,40.0,1
140,20.3787878788,38.4848484848,1
135,0.0,0.0,1
140,0.0,0.0,1
140,12.5,50.0,1
140,0.0,87.5,1
130,35.0,35.0,1
140,1.25,95.0,1
137,12.5,54.1666666667,1
140,-19.4444444444,28.8888888889,1
140,0.0,0.0,1
140,0.0,0.0,1
125,6.66666666667,8.33333333333,1
140,0.0,0.0,1
124,13.6363636364,45.4545454545,1
130,25.0,33.3333333333,1
144,10.0,36.6666666667,1
128,0.0,0.0,1
140,70.0,60.0,0
139,75.0,75.0,0
140,0.0,0.0,0
88,0.0,0.0,0
140,0.0,0.0,0
140,37.5,20.0,0
140,5.0,50.0,0
140,0.0,0.0,0
130,0.0,0.0,0
140,20.8333333333,33.3333333333,0
140,0.0,0.0,0
140,21.4285714286,50.0,0
146,0.0,100.0,0
140,32.0833333333,50.0,0
139,10.0,30.0,0
140,0.0,36.6666666667,0
106,0.0,0.0,0
147,0.0,0.0,0
106,0.0,0.0,0
140,91.0,78.0,0
139,10.0,30.0,0
140,0.0,0.0,0
140,-10.0,5.0,0
139,10.0,30.0,0
139,0.0,40.0,0
56,0.0,0.0,0
137,60.0,60.0,0
140,40.0,80.0,0
96,0.0,0.0,0
140,0.0,0.0,0
140,0.0,0.0,0
108,0.0,0.0,0
140,36.6666666667,56.6666666667,0
139,10.0,30.0,0
140,0.0,0.0,0
140,-5.0,40.0,0
140,-40.0,40.0,0
140,-10.0,5.0,0
139,10.0,30.0,0
140,100.0,30.0,0
66,0.0,0.0,0
140,-19.4444444444,28.8888888889,0
140,0.0,0.0,0
140,0.888888888889,46.8888888889,0
140,30.0,46.6666666667,0
140,12.5,50.0,0
106,0.0,0.0,0
133,0.0,0.0,0
137,58.0,42.0,0
140,-29.1666666667,54.1666666667,0
148,0.0,0.0,0
140,22.5,50.0,0
108,0.0,0.0,0
139,0.0,0.0,0
140,0.0,66.6666666667,0
140,-12.5,100.0,0
140,0.0,45.0,0
139,10.0,30.0,0
108,0.0,0.0,0
130,-40.0,70.0,0
140,-14.5833333333,32.0833333333,0
135,0.0,0.0,0
141,6.25,31.25,0
131,0.0,0.0,0
140,-71.4285714286,85.7142857143,0
140,0.0,25.0,0
140,0.0,14.2857142857,0
85,0.0,0.0,0
139,7.14285714286,39.2857142857,0
140,13.6363636364,45.4545454545,0
140,-13.3333333333,60.0,0
140,7.14285714286,39.2857142857,0
140,-5.0,40.0,0
141,6.25,31.25,0
130,23.2142857143,44.6428571429,0
140,40.0,50.0,0
140,13.6363636364,45.4545454545,0
144,-8.33333333333,3.33333333333,0
139,0.0,0.0,0
140,0.0,0.0,0
139,10.0,30.0,0
131,0.0,36.6666666667,0
144,0.0,0.0,0
130,0.0,0.0,0
140,32.0833333333,50.0,0
95,16.6666666667,16.6666666667,0
138,25.0,25.0,0
140,0.0,3.84615384615,0
140,13.6363636364,45.4545454545,0
140,0.0,0.0,0
140,-5.0,40.0,0
140,13.6363636364,45.4545454545,0
137,-71.4285714286,85.7142857143,0
139,0.0,0.0,0
116,0.0,0.0,0
140,0.0,0.0,0
140,0.0,0.0,0
140,-10.0,5.0,0
139,30.0,51.25,0
140,0.0,0.0,0
140,0.0,0.0,0
140,0.0,75.0,0
140,-5.0,40.0,0
116,0.0,0.0,0
139,10.0,30.0,0
113,85.0,95.0,0
131,57.0,76.0,0
137,0.0,0.0,0
139,10.0,30.0,0
140,0.0,0.0,0
140,-20.0,40.0,0
140,80.0,75.0,0
142,23.3333333333,23.3333333333,0
141,51.1111111111,71.1111111111,0
140,-5.0,40.0,0
140,13.6363636364,45.4545454545,0
140,0.0,0.0,0
140,16.6666666667,79.1666666667,0
140,13.6363636364,45.4545454545,0
140,0.0,37.5,0
140,13.6363636364,45.4545454545,0
140,29.1666666667,50.0,0
140,13.6363636364,45.4545454545,0
116,0.0,0.0,0
140,13.6363636364,45.4545454545,0
139,10.0,30.0,0
140,0.0,0.0,0
140,24.3055555556,36.1111111111,0
140,13.6363636364,45.4545454545,0
140,0.0,36.6666666667,0
140,-6.875,45.0,0
80,0.0,0.0,0
140,-5.0,40.0,0
126,16.6666666667,16.6666666667,0
119,0.0,0.0,0
139,10.0,30.0,0
140,-5.0,40.0,0
140,0.0,20.0,0
140,13.6363636364,45.4545454545,0
139,10.0,30.0,0
140,-5.0,40.0,0
140,13.6363636364,45.4545454545,0
111,0.0,0.0,0
140,-5.0,40.0,0
103,0.0,0.0,0
140,10.0,30.0,0
130,60.0,60.0,0
139,0.0,28.3333333333,0
141,6.25,31.25,0
116,0.0,0.0,0
140,13.6363636364,45.4545454545,0
106,0.0,0.0,0
125,6.66666666667,8.33333333333,0
140,13.6363636364,45.4545454545,0
140,20.8333333333,33.3333333333,0
140,0.0,0.0,0
140,0.0,52.2222222222,0
140,0.0,87.5,0
140,21.4285714286,64.2857142857,0
126,0.0,0.0,0
125,5.0,65.0,0
125,6.66666666667,8.33333333333,0
140,0.0,0.0,0
140,15.4166666667,60.4166666667,0
140,37.5,20.0,0
140,-10.0,5.0,0
136,50.0,50.0,0
135,0.0,0.0,0
137,13.6363636364,45.4545454545,0
140,13.6363636364,45.4545454545,0
140,-13.3333333333,60.0,0
140,0.0,0.0,0
140,13.6363636364,45.4545454545,0
139,0.0,0.0,0
137,13.6363636364,45.4545454545,0
108,0.0,0.0,0
140,0.0,0.0,0
140,13.6363636364,45.4545454545,0
126,5.0,20.0,0
136,25.0,75.0,0
140,0.0,0.0,0
140,13.6363636364,45.4545454545,0
140,-15.5555555556,28.8888888889,0
139,35.0,35.0,0
140,-5.0,40.0,0
140,0.0,0.0,0
140,7.14285714286,56.1507936508,0
138,21.4285714286,64.2857142857,0
96,50.0,80.0,0
117,0.0,0.0,0
143,60.0,55.0,0
108,0.0,0.0,0
139,-36.1666666667,61.8333333333,0
140,0.0,75.0,0
123,0.0,36.6666666667,0
140,-5.0,40.0,0
140,1.11111111111,2.22222222222,0
140,0.0,0.0,0
140,78.75,60.0,0
140,13.6363636364,50.0,0
91,10.7142857143,35.4761904762,0
139,14.2857142857,69.5238095238,0
140,-15.5555555556,28.8888888889,0
138,15.0,45.0,0
140,28.5227272727,65.0,0
137,-26.6666666667,30.8333333333,0
144,0.0,0.0,0
141,0.0,0.0,0
140,0.0,87.5,0
140,29.4642857143,37.1428571429,0
140,-40.0,40.0,0
140,-10.0,26.6666666667,0
140,67.5,75.0,0
140,8.33333333333,11.1111111111,0
134,0.0,0.0,0
140,-15.5555555556,28.8888888889,0
140,-5.0,40.0,0
140,0.0,12.5,0
140,37.5,75.0,0
108,0.0,0.0,0
140,12.5,37.5,0
140,40.0,80.0,0
140,-10.0,5.0,0
140,-5.0,40.0,0
108,0.0,0.0,0
84,80.0,75.0,0
85,-12.5,70.0,0
138,0.0,0.0,0
140,30.9090909091,44.8484848485,0
140,0.0,87.5,0
140,50.0,69.4444444444,0
109,0.0,0.0,0
140,0.0,0.0,0
140,32.5,57.5,0
140,-5.0,40.0,0
141,0.0,0.0,0
140,25.0,31.6666666667,0
144,10.0,36.6666666667,0
125,6.66666666667,8.33333333333,0
140,0.0,100.0,0
139,7.14285714286,39.2857142857,0
140,0.0,0.0,0
141,-30.0,60.0,0
140,-4.46428571429,7.14285714286,0
54,0.0,0.0,0
126,-10.0,26.6666666667,0
140,-10.0,5.0,0
140,12.5,16.6666666667,0
140,34.1666666667,66.6666666667,0
140,0.0,12.5,0
111,21.2121212121,50.8333333333,0
140,36.6666666667,56.6666666667,0
140,40.0,80.0,0
139,32.5,59.1666666667,0
108,0.0,0.0,0
140,7.14285714286,39.2857142857,0
136,0.0,0.0,0
140,20.5,43.6666666667,0
140,-5.0,40.0,0
140,0.0,0.0,0
141,51.1111111111,71.1111111111,0
140,-5.0,40.0,0
139,0.0,0.0,0
139,0.0,0.0,0
140,0.0,50.0,0
140,-5.0,40.0,0
120,0.0,0.0,0
141,67.7083333333,73.3333333333,0
126,0.0,0.0,0
139,0.0,0.0,0
140,0.0,0.0,0
140,0.0,0.0,0
106,0.0,0.0,0
135,13.6363636364,50.0,0
108,0.0,0.0,0
140,0.0,40.0,0
116,0.0,0.0,0
139,0.0,0.0,0
140,75.0,40.0,0
140,22.8571428571,44.5238095238,0
140,-5.0,40.0,0
140,21.875,68.75,0
140,-10.0,5.0,0
140,1.11111111111,2.22222222222,0
140,0.0,0.0,0
140,40.0,50.0,0
140,20.8333333333,33.3333333333,0
140,-50.0,90.0,0
138,15.0,45.0,0
57,0.0,12.5,0
140,0.0,0.0,0
94,0.0,0.0,0
143,16.25,36.6666666667,0
108,0.0,0.0,0
134,25.0,50.0,0
116,0.0,0.0,0
140,50.0,50.0,0
141,50.0,75.0,0
139,1.5625,41.6666666667,0
140,-10.0,5.0,0
46,0.0,12.5,0
140,0.0,75.0,0
140,0.0,0.0,0
140,17.5,27.5,0
140,0.0,0.0,0
122,0.0,0.0,0
107,0.0,0.0,0
140,-20.0,40.0,0
141,0.0,75.0,0
135,50.0,50.0,0
108,0.0,0.0,0
140,0.0,16.6666666667,0
108,0.0,0.0,0
106,0.0,0.0,0
129,0.0,0.0,0
140,16.6666666667,79.1666666667,0
140,0.0,25.0,0
114,16.6666666667,16.6666666667,0
140,-5.0,40.0,0
138,25.0,25.0,0
115,20.0,10.0,0
140,1.25,95.0,0
142,0.0,0.0,0
127,0.0,0.0,0
136,50.0,90.0,0
140,-15.5555555556,28.8888888889,0
140,1.5625,41.6666666667,0
83,40.0,90.0,0
140,-20.0,40.0,0
126,0.0,0.0,0
140,30.0,10.0,0
140,50.0,50.0,0
144,0.0,0.0,0
141,0.0,0.0,0
140,-5.0,40.0,0
140,65.0,65.0,0
140,0.0,0.0,0
116,0.0,0.0,0
138,40.0,43.75,0
140,-50.0,90.0,0
139,0.0,0.0,0
139,0.0,0.0,0
93,0.0,0.0,0
141,30.3267045455,57.5,0
142,40.0,56.6666666667,0
140,-10.0,5.0,0
118,0.0,0.0,0
125,6.66666666667,8.33333333333,0
140,0.0,0.0,0
139,-36.1666666667,61.8333333333,0
140,-10.0,5.0,0
140,13.6363636364,45.4545454545,0
140,0.0,0.0,0
140,80.0,100.0,0
118,40.0,43.75,0
139,0.0,28.3333333333,0
108,0.0,0.0,0
138,43.3333333333,83.3333333333,0
140,7.14285714286,39.2857142857,0
108,0.0,0.0,0
139,47.5,70.0,0
140,50.6534090909,75.0,0
140,0.0,52.2222222222,0
140,0.0,0.0,0
73,60.0,100.0,0
140,0.0,0.0,0
140,-15.5555555556,28.8888888889,0
140,35.0,55.0,0
58,0.0,0.0,0
140,0.0,0.0,0
140,1.11111111111,2.22222222222,0
140,25.5681818182,75.0,0
138,15.0,45.0,0
140,15.8333333333,28.5714285714,0
108,0.0,0.0,0
136,100.0,75.0,0
140,78.125,50.0,0
140,-10.0,5.0,0
140,0.0,0.0,0
137,33.3333333333,50.0,0
140,0.0,0.0,0
139,0.0,0.0,0
140,50.0,50.0,0
140,-4.46428571429,7.14285714286,0
124,0.0,0.0,0
111,0.0,0.0,0
140,13.8095238095,34.7619047619,0
136,50.0,50.0,0
126,15.4761904762,57.5396825397,0
141,30.3267045455,57.5,0
140,0.0,0.0,0
101,0.0,0.0,0
140,0.0,0.0,0
140,8.33333333333,28.3333333333,0
122,0.0,0.0,0
114,0.0,0.0,0
120,0.0,0.0,0
140,0.0,52.2222222222,0
113,0.0,0.0,0
140,0.0,87.5,0
140,0.0,0.0,0
134,45.0,75.0,0
108,0.0,0.0,0
137,50.0,50.0,0
140,-5.0,40.0,0
141,0.0,0.0,0
101,0.0,50.0,0
109,13.6363636364,45.4545454545,0
140,16.6666666667,79.1666666667,0
136,12.5,35.0,0
101,0.0,0.0,0
139,-5.0,40.0,0
140,0.0,0.0,0
140,0.0,0.0,0
29,16.6666666667,16.6666666667,0
23,0.0,0.0,0
141,30.3267045455,57.5,0
143,21.7045454545,51.9318181818,0
125,6.66666666667,8.33333333333,0
140,50.0,50.0,0
139,0.0,0.0,0
140,-5.0,40.0,0
139,0.0,0.0,0
139,50.0,50.0,0
140,16.6666666667,79.1666666667,0
140,20.0,42.5,0
96,0.0,0.0,0
141,6.25,31.25,0
141,51.1111111111,71.1111111111,0
140,-10.0,5.0,0
106,0.0,0.0,0
108,0.0,0.0,0
139,50.0,50.0,0
140,10.0,40.0,0
141,0.0,0.0,0
140,-6.875,45.0,0
139,7.14285714286,39.2857142857,0
94,20.0,10.0,0
140,13.8888888889,24.4444444444,0
122,6.81818181818,22.7272727273,0
142,38.75,57.5,0
139,0.0,28.3333333333,0
100,0.0,0.0,0
139,0.0,40.0,0
140,16.6666666667,79.1666666667,0
140,40.0,80.0,0
140,0.0,52.2222222222,0
141,13.6363636364,45.4545454545,0
139,0.0,37.5,0
143,40.0,40.0,0
140,90.0,90.0,0
126,0.0,0.0,0
139,0.0,0.0,0
140,0.0,37.5,0
125,6.66666666667,8.33333333333,0
140,0.0,0.0,0
124,0.0,0.0,0
140,13.6363636364,45.4545454545,0
126,0.0,0.0,0
140,40.0,80.0,0
140,17.0454545455,43.4848484848,0
140,0.0,0.0,0
108,0.0,0.0,0
139,0.0,0.0,0
140,10.0,40.0,0
139,7.14285714286,39.2857142857,0
141,6.25,31.25,0
141,6.25,31.25,0
133,0.0,0.0,0
140,-5.0,40.0,0
143,17.0454545455,50.0,0
139,40.0,80.0,0
140,7.14285714286,39.2857142857,0
113,0.0,0.0,0
140,0.0,0.0,0
140,16.6666666667,79.1666666667,0
140,50.0,50.0,0
134,0.0,0.0,0
139,0.0,0.0,0
139,0.0,0.0,0
139,0.0,0.0,0
140,0.0,37.5,0
140,40.0,80.0,0
137,12.5,54.1666666667,0
140,50.0,50.0,0
116,0.0,0.0,0
108,0.0,0.0,0
143,0.0,6.66666666667,0
140,0.0,0.0,0
140,7.14285714286,39.2857142857,0
139,0.0,0.0,0
140,35.0,45.0,0
139,0.0,0.0,0
140,-5.0,40.0,0
140,10.0,30.0,0
140,-5.0,40.0,0
106,0.0,0.0,0
89,0.0,37.5,0
140,-100.0,100.0,0
144,66.6666666667,79.6666666667,0
140,-4.46428571429,7.14285714286,1
140,50.0,62.5,1
140,50.0,50.0,1
140,-4.46428571429,7.14285714286,1
140,0.0,87.5,1
140,20.9523809524,56.1904761905,1
140,50.0,100.0,1
139,6.81818181818,30.0,1
140,25.0,25.0,1
140,100.0,97.5,1
123,40.0,100.0,1
140,0.0,0.0,1
94,0.0,0.0,1
139,0.0,0.0,1
98,0.0,0.0,1
140,-4.46428571429,7.14285714286,1
140,50.0,50.0,1
140,37.5,100.0,1
140,30.0,10.0,1
97,40.0,50.0,1
89,0.0,37.5,1
139,50.0,50.0,1
139,0.0,0.0,1
140,55.0,75.0,1
139,26.6666666667,41.6666666667,1
140,50.0,50.0,1
140,0.0,0.0,1
98,20.0,40.0,1
141,0.0,75.0,1
139,0.0,0.0,1
140,0.0,10.0,1
140,30.0,10.0,1
140,14.2857142857,76.1904761905,1
140,50.0,67.8571428571,1
127,13.6363636364,50.0,1
140,30.0,36.0,1
144,0.0,0.0,1
140,0.0,0.0,1
140,60.0,100.0,1
139,0.0,0.0,1
140,0.0,0.0,1
143,56.103515625,62.5,1
142,28.9236111111,27.2222222222,1
140,-5.0,40.0,1
139,87.5,60.0,1
140,0.0,0.0,1
140,33.3333333333,38.8888888889,1
139,0.0,55.0,1
109,25.0,50.0,1
140,30.0,10.0,1
140,37.7777777778,71.1111111111,1
140,40.0,80.0,1
140,0.0,8.33333333333,1
140,35.6534090909,72.7272727273,1
139,50.0,50.0,1
140,50.0,70.0,1
122,10.0,30.0,1
140,0.0,0.0,1
140,35.0,55.0,1
140,25.0,75.0,1
139,43.3333333333,83.3333333333,1
140,30.0,10.0,1
90,50.0,37.5,1
140,0.0,0.0,1
139,45.0,55.0,1
140,-25.0,50.0,1
142,0.0,0.0,1
56,0.0,12.5,1
81,0.0,0.0,1
140,20.8333333333,33.3333333333,1
106,0.0,0.0,1
140,40.0,80.0,1
110,0.0,0.0,1
140,60.0,100.0,1
89,-8.78787878788,41.8181818182,1
140,26.8181818182,72.7272727273,1
140,0.0,0.0,1
140,37.5,10.0,1
140,0.0,0.0,1
110,-14.2857142857,57.1428571429,1
140,30.0,36.0,1
98,0.0,10.0,1
137,0.0,0.0,1
121,0.0,0.0,1
94,0.0,0.0,1
140,0.0,0.0,1
140,37.5,10.0,1
123,0.0,0.0,1
139,-30.0,40.0,1
140,25.0,30.0,1
140,30.0,10.0,1
140,28.125,50.0,1
141,30.3267045455,57.5,1
140,55.0,75.0,1
140,0.0,0.0,1
139,0.0,0.0,1
124,0.0,0.0,1
140,37.7777777778,71.1111111111,1
139,21.6666666667,86.6666666667,1
140,37.5,10.0,1
140,30.0,41.25,1
139,0.0,55.0,1
140,0.0,0.0,1
110,0.0,0.0,1
140,55.0,75.0,1
140,33.3333333333,38.8888888889,1
140,50.0,50.0,1
140,-4.46428571429,7.14285714286,1
140,70.0,60.0,1
139,2.14285714286,37.5595238095,1
94,0.0,0.0,1
123,0.0,0.0,1
140,14.375,39.0178571429,1
140,13.8095238095,34.7619047619,1
140,10.7142857143,32.1428571429,1
140,-4.46428571429,7.14285714286,1
139,0.0,55.0,1
140,0.0,0.0,1
135,35.0,55.0,1
139,0.0,55.0,1
140,-4.46428571429,7.14285714286,1
140,21.4285714286,64.2857142857,1
140,-4.46428571429,7.14285714286,1
140,20.0,10.0,1
76,0.0,0.0,1
89,0.0,0.0,1
140,13.6363636364,45.4545454545,1
140,0.0,0.0,1
140,9.25,44.0,1
140,55.0,75.0,1
139,7.14285714286,39.2857142857,1
140,-4.46428571429,7.14285714286,1
139,36.6666666667,43.3333333333,1
140,37.5,10.0,1
140,0.0,87.5,1
140,80.0,100.0,1
133,21.6666666667,42.9166666667,1
140,50.0,50.0,1
139,50.0,50.0,1
140,0.0,0.0,1
140,0.0,0.0,1
140,0.0,0.0,1
140,52.5,65.0,1
94,0.0,0.0,1
140,11.9047619048,47.619047619,1
140,0.0,0.0,1
121,50.0,50.0,1
134,21.4285714286,64.2857142857,1
140,13.6363636364,45.4545454545,1
140,-10.0,5.0,1
140,55.0,75.0,1
130,56.25,50.0,1
134,0.0,0.0,1
143,-13.9583333333,42.5,1
92,0.0,0.0,1
162,10.0,40.0,1
140,0.0,100.0,1
150,9.01515151515,30.0,1
140,-10.0,57.5,1
140,0.0,0.0,1
101,55.0,70.0,1
140,40.0,80.0,1
140,13.6363636364,45.4545454545,1
140,22.8787878788,45.0,1
138,15.0,45.0,1
104,14.375,35.2083333333,1
99,0.0,0.0,1
132,0.0,0.0,1
94,0.0,0.0,1
111,31.8181818182,50.0,1
140,0.0,0.0,1
139,7.14285714286,39.2857142857,1
139,40.0,65.0,1
140,100.0,30.0,1
140,-4.46428571429,7.14285714286,1
140,7.14285714286,39.2857142857,1
140,-4.46428571429,7.14285714286,1
140,20.9523809524,56.1904761905,1
140,21.4285714286,64.2857142857,1
140,25.0,25.0,1
108,0.0,0.0,1
123,0.0,0.0,1
140,33.5227272727,70.0,1
140,20.9523809524,56.1904761905,1
138,37.5,47.5,1
149,0.0,0.0,1
141,0.0,0.0,1
140,40.0,80.0,1
140,-4.46428571429,7.14285714286,1
138,16.6666666667,25.0,1
142,16.6666666667,16.6666666667,1
89,0.0,37.5,1
76,0.0,0.0,1
139,0.0,50.0,1
140,50.0,50.0,1
140,40.0,50.0,1
140,45.0,45.0,1
139,25.0,45.0,1
122,30.5555555556,40.5555555556,1
140,0.0,0.0,1
140,37.7777777778,71.1111111111,1
94,0.0,0.0,1
107,0.0,0.0,1
118,0.0,0.0,1
92,8.0,42.0,1
122,0.0,0.0,1
143,50.0,50.0,1
127,0.0,40.0,1
140,37.5,10.0,1
140,37.7777777778,71.1111111111,1
140,0.0,0.0,1
140,0.0,100.0,1
139,33.2919034091,50.0,1
140,-12.5,37.5,1
140,100.0,100.0,1
140,20.0,30.0,1
140,35.7142857143,57.1428571429,1
144,-12.5,37.5,1
140,30.5555555556,40.5555555556,1
100,0.0,0.0,1
116,0.0,0.0,1
125,0.0,0.0,1
140,0.0,0.0,1
140,50.0,50.0,1
139,87.5,60.0,1
139,0.0,55.0,1
131,0.0,0.0,1
121,6.81818181818,72.7272727273,1
140,0.0,12.5,1
134,13.4232954545,31.8181818182,1
139,87.5,60.0,1
139,0.0,0.0,1
140,33.3333333333,50.0,1
113,40.7142857143,82.1428571429,1
86,40.0,50.0,1
139,16.2121212121,31.8181818182,1
140,13.6363636364,45.4545454545,1
140,13.6363636364,45.4545454545,1
140,50.0,100.0,1
140,-5.0,40.0,1
140,25.0,30.0,1
141,25.5681818182,60.2272727273,1
125,50.0,50.0,1
94,0.0,0.0,1
140,0.0,0.0,1
116,0.0,0.0,1
140,35.0,55.0,1
100,0.0,0.0,1
140,50.0,50.0,1
140,0.0,10.0,1
141,-12.5,37.5,1
140,33.5227272727,47.7272727273,1
139,0.0,0.0,1
117,0.0,0.0,1
140,0.0,0.0,1
123,70.0,60.0,1
140,30.0,10.0,1
125,6.66666666667,8.33333333333,1
95,0.0,0.0,1
140,13.6363636364,45.4545454545,1
118,0.0,0.0,1
106,-50.0,100.0,1
140,20.0,30.0,1
118,0.0,0.0,1
118,0.0,0.0,1
119,0.0,0.0,1
140,30.0,10.0,1
140,31.6666666667,58.3333333333,1
140,0.0,0.0,1
140,0.0,0.0,1
142,0.0,0.0,1
140,30.0,10.0,1
141,-50.0,100.0,1
141,0.0,75.0,1
141,-12.5,37.5,1
140,30.0,10.0,1
140,13.6363636364,45.4545454545,1
137,0.0,0.0,1
116,3.70074341542e-15,42.2222222222,1
140,35.6534090909,72.7272727273,1
110,-14.2857142857,57.1428571429,1
139,2.12121212121,46.6666666667,1
140,-10.0,5.0,1
94,0.0,0.0,1
139,0.0,0.0,1
140,55.0,61.6666666667,1
124,0.0,0.0,1
94,0.0,0.0,1
141,30.3267045455,57.5,1
94,0.0,0.0,1
138,15.0,45.0,1
140,8.125,30.0,1
94,0.0,0.0,1
140,37.7777777778,71.1111111111,1
140,18.75,55.0,1
98,0.0,0.0,1
140,0.0,50.0,1
148,0.0,0.0,1
141,0.0,75.0,1
139,0.0,91.6666666667,1
140,30.0,36.0,1
108,70.0,60.0,1
80,0.0,0.0,1
140,0.0,0.0,1
140,0.0,0.0,1
140,21.4285714286,64.2857142857,1
144,62.5,50.0,1
143,21.6666666667,42.9166666667,1
139,0.0,0.0,1
140,0.0,50.0,1
141,21.4285714286,64.2857142857,1
94,0.0,0.0,1
131,0.0,0.0,1
132,64.1666666667,66.6666666667,1
140,26.6666666667,48.3333333333,1
140,13.6363636364,45.4545454545,1
138,15.0,45.0,1
140,27.9166666667,61.6666666667,1
124,25.0,33.3333333333,1
139,0.0,0.0,1
86,0.0,10.0,1
114,0.0,100.0,1
139,60.8333333333,79.3055555556,1
140,33.3333333333,60.0,1
110,0.0,0.0,1
140,30.0,10.0,1
141,20.0,30.0,1
140,21.4285714286,64.2857142857,1
74,40.0,70.0,1
140,0.0,0.0,1
62,40.0,70.0,1
139,0.0,75.0,1
91,25.0,30.0,1
139,87.5,60.0,1
141,0.0,75.0,1
140,0.0,0.0,1
94,0.0,0.0,1
143,21.6666666667,42.9166666667,1
128,0.0,0.0,1
162,10.0,40.0,1
140,-5.0,40.0,1
140,0.0,0.0,1
150,9.01515151515,30.0,1
140,26.8181818182,72.7272727273,1
95,0.0,0.0,1
140,0.0,0.0,1
94,0.0,0.0,1
121,13.6363636364,50.0,1
94,0.0,0.0,1
103,0.0,0.0,1
140,0.0,100.0,1
140,75.0,40.0,1
140,80.0,100.0,1
140,0.0,0.0,1
140,0.0,0.0,1
140,0.0,0.0,1
140,10.0,40.0,1
140,60.0,100.0,1
129,0.0,0.0,1
140,80.0,75.0,1
139,27.9166666667,61.6666666667,1
140,0.0,50.0,1
139,0.0,50.0,1
140,-4.46428571429,7.14285714286,1
112,12.5,47.5,1
140,0.0,10.0,1
140,0.0,0.0,1
77,0.0,0.0,1
140,12.5,16.6666666667,1
142,0.0,0.0,1
140,20.0,30.0,1
75,-29.1666666667,54.1666666667,1
102,0.0,0.0,1
119,21.3068181818,50.0,1
140,30.0,10.0,1
141,21.4285714286,64.2857142857,1
140,25.0,30.0,1
139,0.0,0.0,1
140,0.0,0.0,1
140,1.66666666667,52.2222222222,1
140,0.0,40.0,1
140,37.7777777778,71.1111111111,1
118,0.0,0.0,1
129,21.1111111111,68.8888888889,1
140,6.25,37.5,1
140,25.0,50.0,1
140,40.0,95.0,1
132,0.0,0.0,1
140,26.8181818182,72.7272727273,1
129,0.0,0.0,1
140,37.5,10.0,1
138,15.0,45.0,1
140,50.0,67.8571428571,1
94,0.0,0.0,1
94,0.0,0.0,1
140,28.5227272727,65.0,1
140,30.0,10.0,1
138,15.0,45.0,1
140,50.0,100.0,1
141,21.4285714286,64.2857142857,1
140,35.7142857143,57.1428571429,1
144,0.0,0.0,1
140,33.3333333333,50.0,1
140,-50.0,30.0,1
140,35.0,65.0,1
71,-29.1666666667,54.1666666667,1
121,0.0,12.5,1
139,0.0,40.0,1
132,13.6363636364,45.4545454545,1
141,-12.5,37.5,1
144,40.0,50.0,1
140,30.0,10.0,1
139,0.0,0.0,1
140,30.0,10.0,1
140,41.5,58.5,1
140,30.0,10.0,1
140,-10.0,5.0,1
140,0.0,0.0,1
140,50.0,50.0,1
140,26.8181818182,72.7272727273,1
140,40.0,50.0,1
139,0.0,37.5,1
140,-10.0,20.0,1
124,3.70074341542e-15,42.2222222222,1
140,40.0,40.0,1
141,0.0,75.0,1
140,55.0,75.0,1
140,50.0,50.0,1
140,40.0,95.0,1
140,55.0,75.0,1
140,26.8181818182,72.7272727273,1
140,21.4285714286,64.2857142857,1
139,0.0,0.0,1
140,0.0,0.0,1
142,0.0,0.0,1
140,21.4285714286,64.2857142857,1
140,-37.5,70.0,1
79,0.0,0.0,1
140,30.0,10.0,1
133,50.0,50.0,1
140,55.0,75.0,1
140,1.25,18.3333333333,1
140,37.5,10.0,1
124,0.0,0.0,1
140,0.0,40.0,1
140,-6.45833333333,48.3333333333,1
139,0.0,55.0,1
101,0.0,12.5,1
140,-4.46428571429,7.14285714286,1
140,0.0,0.0,1
139,0.0,0.0,1
131,0.0,33.3333333333,1
131,0.0,10.0,1
140,0.0,0.0,1
139,0.0,0.0,1
140,50.625,46.6666666667,1
140,18.75,55.0,1
130,0.0,12.5,1
140,0.0,0.0,1
138,55.0,75.0,1
140,80.0,75.0,1
140,0.0,75.0,1
141,0.0,0.0,1
140,50.625,46.6666666667,1
142,0.0,0.0,1
130,0.0,0.0,1
140,56.8181818182,75.0,1
114,-15.5555555556,28.8888888889,1
136,50.0,50.0,1
141,25.0,75.0,1
140,0.0,0.0,1
139,87.5,60.0,1
66,0.0,0.0,1
99,0.0,0.0,1
140,50.0,100.0,1
140,30.0,10.0,1
148,0.0,0.0,1
140,37.7777777778,71.1111111111,1
139,-11.71875,30.0,1
146,0.0,0.0,1
118,0.0,0.0,1
140,37.5,10.0,1
140,0.0,0.0,1
140,29.1964285714,46.0714285714,1
140,30.0,36.0,1
140,13.6363636364,50.0,1
113,0.0,0.0,1
140,20.0,30.0,1
141,0.0,75.0,1
140,11.2121212121,27.5,1
97,0.0,10.0,1
120,0.0,0.0,1
122,0.0,0.0,1
117,0.0,0.0,1
142,24.375,73.75,1
140,40.0,80.0,1
140,0.0,28.3333333333,1
140,37.5,10.0,1
141,25.0,75.0,1
140,0.0,0.0,1
