139,0.0,0.0,0
44,0.0,0.0,0
140,0.0,0.0,0
139,-20.0,15.0,0
140,0.0,0.0,0
140,0.0,0.0,0
138,-30.0,50.0,0
137,0.0,0.0,0
140,0.0,40.0,0
137,50.0,50.0,0
109,0.0,0.0,0
140,0.0,0.0,0
140,9.31818181818,47.7272727273,0
136,16.7272727273,34.4242424242,0
140,0.0,0.0,0
140,-10.4545454545,15.1515151515,0
140,25.0,25.0,0
140,0.0,0.0,0
140,100.0,100.0,0
141,0.0,0.0,0
121,0.0,0.0,0
137,0.0,0.0,0
109,0.0,0.0,0
140,-50.0,100.0,0
121,0.0,0.0,0
54,40.0,40.0,0
140,13.6363636364,45.4545454545,0
140,87.5,70.0,0
146,0.0,0.0,0
140,0.0,0.0,0
140,0.0,0.0,0
120,0.0,0.0,0
140,0.0,0.0,0
140,0.0,0.0,0
140,100.0,75.0,0
81,0.0,0.0,0
140,35.0,52.5,0
140,0.0,0.0,0
65,0.0,0.0,0
140,0.0,0.0,0
134,4.16666666667,25.0,0
127,-8.33333333333,31.6666666667,0
136,13.6363636364,50.0,0
45,0.0,0.0,0
71,0.0,0.0,0
92,0.0,0.0,0
60,0.0,0.0,0
120,0.0,0.0,0
140,25.0,25.0,0
140,50.0,50.0,0
139,-35.0,35.0,0
140,0.0,0.0,0
80,0.0,0.0,0
101,8.33333333333,35.0,0
137,0.0,0.0,0
137,0.0,0.0,0
139,6.81818181818,35.2272727273,0
146,0.0,0.0,0
142,0.0,0.0,0
136,0.0,0.0,0
140,0.0,0.0,0
140,87.5,70.0,0
131,0.0,0.0,0
138,0.0,0.0,0
140,50.0,50.0,0
99,0.0,0.0,0
139,50.0,50.0,0
140,0.0,0.0,0
92,-40.0,40.0,0
111,-20.0,40.0,0
140,0.0,100.0,0
140,25.0,25.0,0
100,25.0,50.0,0
140,37.5,100.0,0
137,87.5,70.0,0
139,6.81818181818,35.2272727273,0
146,0.0,0.0,0
140,-50.0,90.0,0
145,10.0,100.0,0
139,11.8181818182,72.7272727273,0
140,0.0,0.0,0
144,10.0,100.0,0
140,100.0,75.0,0
137,0.0,0.0,0
140,0.0,0.0,0
135,0.0,0.0,0
140,0.0,0.0,0
141,0.0,0.0,0
140,50.0,50.0,0
140,0.0,12.5,0
140,-30.0,60.0,0
143,0.0,0.0,0
139,25.0,25.0,0
81,0.0,0.0,0
140,0.0,12.5,0
34,0.0,0.0,0
140,0.0,5.0,0
99,0.0,0.0,0
140,80.0,75.0,0
144,0.0,0.0,0
143,0.0,0.0,0
137,0.0,0.0,0
137,0.0,0.0,0
97,0.0,0.0,0
145,0.0,0.0,0
137,0.0,0.0,0
139,-20.0,0.0,0
140,0.0,0.0,0
137,13.6363636364,50.0,0
139,0.0,0.0,0
140,0.0,45.0,0
139,6.81818181818,35.2272727273,0
140,-18.75,50.0,0
140,0.0,0.0,0
97,0.0,0.0,0
68,0.0,0.0,0
140,-23.3333333333,42.2222222222,0
140,31.25,60.0,0
139,62.5,50.0,0
144,25.2380952381,54.5238095238,0
125,-5.0,40.0,0
141,0.0,0.0,0
144,0.0,0.0,0
144,0.0,0.0,0
139,50.0,50.0,0
137,0.0,0.0,0
134,0.0,5.0,0
139,0.0,0.0,0
144,0.0,0.0,0
135,0.0,10.0,0
81,0.0,0.0,0
128,0.0,0.0,0
139,35.7142857143,57.1428571429,0
140,10.0,40.0,0
144,80.0,75.0,0
137,4.54545454545,41.8181818182,0
121,0.0,0.0,0
135,62.5,50.0,0
140,0.0,0.0,0
71,0.0,0.0,0
139,25.0,50.0,0
141,17.0454545455,45.4545454545,0
136,0.0,0.0,0
111,10.0,90.0,0
140,0.0,0.0,0
140,0.0,0.0,0
139,0.0,0.0,0
136,-20.0,15.0,0
140,0.0,0.0,0
140,20.0,40.0,0
140,0.0,0.0,0
139,28.5714285714,53.5714285714,0
140,0.0,0.0,0
137,25.0,75.0,0
135,-25.0,41.25,0
137,0.0,0.0,0
139,6.81818181818,35.2272727273,0
140,0.0,0.0,0
139,6.81818181818,35.2272727273,0
140,31.25,60.0,0
140,25.0,25.0,0
142,21.3068181818,45.4545454545,0
144,0.0,0.0,0
140,31.25,60.0,0
149,20.0,20.0,0
140,20.0,30.0,0
139,25.0,25.0,0
139,0.0,0.0,0
140,-10.0,27.5,0
139,20.0,30.0,0
140,0.0,100.0,0
140,70.0,60.0,0
138,20.0,50.0,0
140,0.0,70.0,0
107,-100.0,100.0,0
140,50.0,50.0,0
114,0.0,0.0,0
128,0.0,0.0,0
140,0.0,0.0,0
140,0.0,40.0,0
138,25.0,25.0,0
140,0.0,0.0,0
139,25.0,25.0,0
140,0.0,0.0,0
140,80.0,100.0,0
138,13.6363636364,50.0,0
140,0.0,10.0,0
99,20.0,50.0,0
143,0.0,0.0,0
137,0.0,0.0,0
140,0.0,0.0,0
139,100.0,30.0,0
137,0.0,0.0,0
140,80.0,100.0,0
136,6.25,50.0,0
140,0.0,6.66666666667,0
134,25.0,25.0,0
140,0.0,56.25,0
96,-7.14285714286,21.4285714286,0
140,38.5714285714,61.7142857143,0
140,0.0,0.0,0
136,0.0,0.0,0
139,0.0,6.25,0
146,0.0,0.0,0
142,0.0,70.0,0
140,80.0,100.0,0
140,0.0,25.0,0
140,13.6363636364,45.4545454545,0
136,62.5,50.0,0
136,30.0,10.0,0
140,80.0,100.0,0
146,0.0,0.0,0
139,25.0,25.0,0
52,0.0,0.0,0
139,25.0,25.0,0
140,100.0,75.0,0
109,0.0,0.0,0
140,0.0,12.5,0
139,50.0,50.0,0
140,0.0,0.0,0
146,0.0,0.0,0
85,-25.0,88.8888888889,0
145,0.0,0.0,0
139,0.0,0.0,0
102,25.0,52.7777777778,0
145,0.0,0.0,0
139,25.0,25.0,0
93,0.0,0.0,0
140,80.0,75.0,0
140,0.0,0.0,0
139,25.0,25.0,0
136,0.0,0.0,0
140,-20.0,10.0,0
36,50.0,88.8888888889,0
137,13.6363636364,50.0,0
140,-20.0,40.0,0
139,25.0,25.0,0
87,0.0,0.0,0
140,0.0,0.0,0
137,-5.0,5.0,0
140,0.0,100.0,0
144,-12.5,75.0,0
124,-5.0,40.0,0
143,-12.5,75.0,0
144,-12.5,75.0,0
116,0.0,0.0,0
47,0.0,0.0,0
140,0.0,0.0,0
140,8.33333333333,13.8888888889,0
139,25.0,25.0,0
137,15.0,32.5,0
141,100.0,75.0,0
139,25.0,25.0,0
140,20.0,60.0,0
137,50.0,50.0,0
140,0.0,0.0,0
140,-70.0,66.6666666667,0
144,6.0,60.0,0
139,25.0,25.0,0
136,0.0,0.0,0
140,13.6363636364,45.4545454545,0
134,25.0,25.0,0
122,0.0,25.0,0
139,0.0,0.0,0
140,-7.5,77.5,0
140,10.0,40.0,0
140,13.6363636364,45.4545454545,0
138,0.0,0.0,0
139,-6.66666666667,50.0,0
140,100.0,75.0,0
140,-12.5,20.0,0
135,100.0,65.0,0
137,0.0,6.66666666667,0
140,0.0,0.0,0
140,-3.18181818182,22.7272727273,0
140,0.0,100.0,0
140,-24.4444444444,85.5555555556,0
111,0.0,0.0,0
140,13.6363636364,45.4545454545,0
140,31.25,25.0,0
139,21.6666666667,40.0,0
138,0.0,0.0,0
124,6.81818181818,35.2272727273,0
139,50.0,50.0,0
140,31.25,60.0,0
138,0.0,0.0,0
143,0.0,0.0,0
143,0.0,0.0,0
140,0.0,0.0,0
139,0.0,0.0,0
140,-100.0,100.0,0
140,0.0,0.0,0
138,15.0,13.3333333333,0
140,13.6363636364,45.4545454545,0
139,0.0,0.0,0
138,0.0,0.0,0
137,0.0,0.0,0
140,0.0,0.0,0
143,50.0,50.0,0
139,0.0,100.0,0
137,13.6363636364,50.0,0
146,0.0,0.0,0
122,50.0,35.0,0
140,0.0,0.0,0
139,50.0,50.0,0
139,50.0,50.0,0
136,0.0,0.0,0
139,-4.46428571429,32.1428571429,0
140,80.0,70.0,0
140,50.0,50.0,0
137,25.0,25.0,0
145,0.0,12.5,0
140,0.0,12.5,0
140,80.0,100.0,0
141,50.0,50.0,0
146,0.0,0.0,0
145,0.0,12.5,0
145,0.0,12.5,0
140,0.0,0.0,0
135,11.8181818182,32.7272727273,0
140,0.0,0.0,0
140,13.6363636364,45.4545454545,0
138,25.0,25.0,0
138,25.0,25.0,0
140,0.0,0.0,0
136,0.0,0.0,0
140,0.0,0.0,0
140,50.0,50.0,0
136,0.0,0.0,0
140,0.0,12.5,0
138,0.0,0.0,0
139,0.0,6.66666666667,0
140,5.0,97.5,0
140,0.0,12.5,0
138,5.0,20.0,0
140,0.0,0.0,0
109,50.0,50.0,0
149,0.0,0.0,0
136,0.0,0.0,0
138,80.0,75.0,0
140,80.0,75.0,0
140,60.0,100.0,0
62,0.0,0.0,0
140,31.25,60.0,0
140,0.0,0.0,0
137,0.0,0.0,0
137,0.0,0.0,0
139,80.0,75.0,0
128,17.0454545455,45.4545454545,0
139,20.0,35.0,0
126,0.0,0.0,0
136,0.0,0.0,0
102,25.0,52.7777777778,0
138,13.6363636364,50.0,0
140,0.0,0.0,0
140,100.0,75.0,0
138,0.0,0.0,0
140,0.0,0.0,0
140,30.0,97.5,0
140,0.0,0.0,0
140,-75.0,100.0,0
140,40.0,40.0,0
140,25.0,33.3333333333,0
140,40.0,60.0,0
139,11.8181818182,72.7272727273,0
140,35.0,65.0,0
139,18.75,48.3333333333,0
140,0.0,0.0,0
140,100.0,75.0,0
146,0.0,0.0,0
140,0.0,40.0,0
126,0.0,0.0,0
136,0.0,0.0,0
146,0.0,0.0,0
126,-5.0,40.0,0
125,-5.0,40.0,0
140,0.0,0.0,0
144,0.0,0.0,0
140,100.0,75.0,0
139,26.75,70.75,0
139,33.3333333333,50.0,0
137,25.0,25.0,0
140,9.44444444444,23.3333333333,0
139,-10.0,20.0,0
141,0.0,50.0,0
128,0.0,0.0,0
139,100.0,30.0,0
139,0.0,50.0,0
140,0.0,0.0,0
123,50.0,60.0,0
136,0.0,0.0,0
139,50.0,50.0,0
140,0.0,0.0,0
140,10.0,40.0,0
140,0.0,0.0,0
140,0.0,0.0,0
139,20.0,10.0,0
96,0.0,0.0,0
138,0.0,0.0,0
139,0.0,40.0,0
85,0.0,0.0,0
113,0.0,0.0,0
140,10.0,36.6666666667,0
137,0.0,0.0,0
136,0.0,0.0,0
141,25.0,25.0,0
140,13.6363636364,45.4545454545,0
140,13.6363636364,45.4545454545,0
138,13.6363636364,45.4545454545,0
138,13.6363636364,45.4545454545,0
140,20.0,55.0,0
140,25.0,25.0,0
143,0.0,25.0,0
139,0.0,0.0,0
144,0.0,0.0,0
140,60.0,100.0,0
140,60.0,100.0,0
118,0.0,0.0,0
140,8.33333333333,13.8888888889,0
139,0.0,0.0,0
135,20.0,40.0,0
140,13.75,33.75,0
138,30.0,10.0,0
136,0.0,0.0,0
136,0.0,0.0,0
137,25.0,25.0,0
139,0.0,12.5,0
138,13.6363636364,50.0,0
140,13.6363636364,45.4545454545,0
138,25.0,33.3333333333,0
136,0.0,0.0,0
137,0.0,0.0,0
146,25.0,90.0,0
141,100.0,75.0,0
136,0.0,0.0,0
140,0.0,0.0,0
140,31.25,60.0,0
140,5.0,56.25,0
140,20.0,55.0,0
150,0.0,0.0,0
138,0.0,0.0,0
137,0.0,0.0,0
102,0.0,30.0,0
140,20.0,44.1666666667,0
148,0.0,75.0,0
140,0.0,0.0,0
78,0.0,100.0,0
140,0.0,0.0,0
140,13.6363636364,45.4545454545,0
122,0.0,0.0,0
139,0.0,0.0,0
140,0.0,0.0,0
136,-10.0,60.0,0
136,13.3333333333,28.3333333333,0
140,0.0,0.0,0
140,0.0,0.0,0
137,20.0,40.0,0
137,0.0,0.0,0
51,0.0,0.0,0
140,0.0,0.0,0
136,0.0,0.0,0
139,20.0,20.0,0
140,0.0,12.5,0
140,-50.0,100.0,0
144,0.0,75.0,0
139,18.75,48.3333333333,0
138,10.0,70.0,0
145,35.0,80.0,0
140,50.0,50.0,0
139,50.0,50.0,0
126,0.0,0.0,0
146,0.0,0.0,0
137,80.0,75.0,0
140,80.0,75.0,0
136,0.0,0.0,0
140,0.0,0.0,0
140,100.0,75.0,0
106,50.0,60.0,0
145,35.0,80.0,0
137,13.6363636364,50.0,0
139,-20.0,15.0,0
140,0.0,0.0,0
140,100.0,75.0,0
140,-13.1818181818,42.7272727273,0
127,0.0,100.0,0
140,20.0,40.0,0
122,-2.5,40.0,0
140,0.0,0.0,0
124,2.5,20.8333333333,0
140,11.25,7.5,0
139,25.0,25.0,0
140,0.0,0.0,0
144,0.0,0.0,0
125,-5.0,40.0,0
144,20.0,70.0,0
126,-5.0,40.0,0
33,0.0,0.0,0
140,0.0,12.5,0
136,0.0,0.0,0
140,0.0,0.0,0
112,0.0,0.0,1
140,0.0,0.0,1
140,0.0,0.0,1
145,0.0,0.0,1
140,0.0,0.0,1
50,0.0,0.0,1
139,0.0,0.0,1
140,-100.0,100.0,1
140,62.5,50.0,1
126,0.0,0.0,1
140,100.0,75.0,1
141,0.0,0.0,1
132,0.0,0.0,1
140,12.5,52.5,1
140,-10.0,100.0,1
140,12.5,66.6666666667,1
150,13.6363636364,45.4545454545,1
146,0.0,0.0,1
149,13.6363636364,45.4545454545,1
138,25.0,25.0,1
140,12.5,52.5,1
140,50.0,50.0,1
140,0.0,0.0,1
140,0.0,0.0,1
107,0.0,0.0,1
152,0.0,0.0,1
140,25.0,25.0,1
142,0.0,0.0,1
136,0.0,0.0,1
139,40.0,40.0,1
143,-12.5,75.0,1
137,0.0,0.0,1
140,6.66666666667,10.8333333333,1
140,0.0,0.0,1
141,0.0,0.0,1
92,-50.0,75.0,1
93,-7.5,55.0,1
116,0.0,0.0,1
139,0.0,0.0,1
139,0.0,0.0,1
140,0.0,0.0,1
140,0.0,0.0,1
139,-11.6666666667,43.3333333333,1
135,0.0,0.0,1
145,25.0,45.0,1
145,25.0,45.0,1
91,50.0,50.0,1
142,37.5,37.5,1
136,0.0,0.0,1
140,0.0,12.5,1
140,12.5,52.5,1
140,12.5,16.6666666667,1
139,0.0,0.0,1
100,36.25,90.0,1
142,37.5,37.5,1
140,15.0,51.6666666667,1
140,6.66666666667,10.8333333333,1
139,0.0,0.0,1
136,25.0,75.0,1
141,37.5,37.5,1
138,0.0,6.66666666667,1
76,0.0,0.0,1
136,0.0,0.0,1
79,56.0416666667,65.0,1
140,0.0,0.0,1
145,25.0,45.0,1
135,12.5,17.5,1
145,25.0,45.0,1
139,11.1111111111,52.2222222222,1
139,-11.6666666667,43.3333333333,1
138,0.0,0.0,1
139,0.0,0.0,1
139,0.0,0.0,1
140,0.0,0.0,1
139,8.33333333333,21.6666666667,1
140,-7.14285714286,21.4285714286,1
145,25.0,45.0,1
142,0.0,0.0,1
140,0.0,0.0,1
136,0.0,0.0,1
142,4.54545454545,41.8181818182,1
139,8.33333333333,21.6666666667,1
145,25.0,45.0,1
148,5.33333333333,41.3333333333,1
111,0.0,0.0,1
140,6.66666666667,10.8333333333,1
139,70.0,90.0,1
140,12.5,52.5,1
140,0.0,0.0,1
146,0.0,0.0,1
136,0.0,0.0,1
140,55.0,75.0,1
146,0.0,0.0,1
146,0.0,0.0,1
140,0.0,0.0,1
137,25.0,25.0,1
140,0.0,0.0,1
135,12.5,17.5,1
140,50.0,50.0,1
140,13.6363636364,45.4545454545,1
140,0.0,0.0,1
95,0.0,0.0,1
140,0.0,40.0,1
129,0.0,0.0,1
73,20.0,20.0,1
139,0.0,0.0,1
141,10.0,60.0,1
140,6.66666666667,10.8333333333,1
140,0.0,0.0,1
140,16.6666666667,48.6111111111,1
99,0.0,0.0,1
136,0.0,0.0,1
140,0.0,0.0,1
140,58.125,81.25,1
139,50.0,60.0,1
140,0.0,0.0,1
139,20.0,40.0,1
140,0.0,0.0,1
122,28.5714285714,53.5714285714,1
140,0.0,0.0,1
140,46.6666666667,86.6666666667,1
139,-11.6666666667,43.3333333333,1
143,-12.5,75.0,1
144,0.0,0.0,1
140,46.6666666667,86.6666666667,1
136,62.5,50.0,1
139,46.6666666667,86.6666666667,1
140,0.0,0.0,1
93,-100.0,100.0,1
140,-10.0,32.7777777778,1
139,-10.4545454545,15.1515151515,1
140,0.0,0.0,1
121,0.0,0.0,1
138,50.0,50.0,1
139,-100.0,100.0,1
140,35.0,95.0,1
144,-87.5,66.6666666667,1
139,0.0,0.0,1
134,0.0,0.0,1
139,0.0,0.0,1
138,0.0,0.0,1
141,0.0,0.0,1
130,20.0,10.0,1
138,0.0,0.0,1
140,6.66666666667,10.8333333333,1
140,6.66666666667,10.8333333333,1
140,0.0,40.0,1
108,0.0,0.0,1
140,31.25,60.0,1
140,0.0,40.0,1
140,13.6363636364,45.4545454545,1
121,50.0,60.0,1
139,-11.6666666667,43.3333333333,1
145,-15.0,30.0,1
139,0.0,0.0,1
95,0.0,0.0,1
140,0.0,0.0,1
140,0.0,0.0,1
139,100.0,100.0,1
139,80.0,90.0,1
141,0.0,0.0,1
140,12.0,13.3333333333,1
144,6.0,60.0,1
140,0.0,0.0,1
144,0.0,0.0,1
140,0.0,0.0,1
141,0.0,0.0,1
140,0.0,0.0,1
144,0.0,0.0,1
139,0.0,50.0,1
141,100.0,30.0,1
116,0.0,0.0,1
139,-11.6666666667,43.3333333333,1
140,50.0,50.0,1
139,50.0,50.0,1
139,0.0,0.0,1
139,-11.6666666667,43.3333333333,1
140,-75.0,100.0,1
140,25.0,25.0,1
144,0.0,0.0,1
25,0.0,0.0,1
139,50.0,50.0,1
139,0.0,0.0,1
137,0.0,0.0,1
139,0.0,0.0,1
139,0.0,0.0,1
140,13.6363636364,45.4545454545,1
139,0.0,0.0,1
140,0.0,0.0,1
107,0.0,0.0,1
140,-16.6666666667,6.66666666667,1
139,-11.6666666667,43.3333333333,1
140,26.1904761905,34.5238095238,1
133,16.6666666667,16.6666666667,1
142,35.8333333333,46.6666666667,1
140,6.66666666667,10.8333333333,1
136,12.5,17.5,1
49,0.0,0.0,1
140,0.0,12.5,1
140,6.66666666667,10.8333333333,1
138,25.0,25.0,1
123,0.0,0.0,1
139,19.5454545455,53.4848484848,1
139,0.0,0.0,1
142,17.0454545455,45.4545454545,1
98,0.0,0.0,1
144,1.875,12.2916666667,1
139,100.0,30.0,1
140,0.0,3.33333333333,1
139,-10.4545454545,15.1515151515,1
57,25.0,20.0,1
139,0.0,0.0,1
137,40.0,42.5,1
139,-11.6666666667,43.3333333333,1
26,0.0,0.0,1
139,14.1666666667,55.0,1
141,8.33333333333,61.6666666667,1
139,0.0,0.0,1
135,0.0,0.0,1
141,0.0,0.0,1
144,0.0,0.0,1
140,6.66666666667,10.8333333333,1
139,30.0,20.0,1
137,20.0,40.0,1
140,50.0,50.0,1
139,0.0,6.25,1
117,0.0,0.0,1
139,12.5,66.6666666667,1
137,25.0,33.3333333333,1
140,-10.0,60.0,1
140,13.6363636364,45.4545454545,1
139,20.0,40.0,1
139,-11.6666666667,43.3333333333,1
139,-10.0,60.0,1
140,0.0,0.0,1
139,0.0,0.0,1
138,0.0,0.0,1
136,0.0,0.0,1
140,0.0,0.0,1
137,-10.0,60.0,1
140,-11.6666666667,43.3333333333,1
122,28.5714285714,53.5714285714,1
137,6.25,37.5,1
140,0.0,0.0,1
95,0.0,0.0,1
130,0.0,0.0,1
140,25.0,33.3333333333,1
139,-20.0,40.0,1
140,0.0,0.0,1
134,62.5,50.0,1
140,5.55111512313e-15,90.0,1
140,0.0,0.0,1
95,0.0,0.0,1
140,-10.0,27.5,1
140,17.5324675325,54.8701298701,1
129,-20.0,40.0,1
140,100.0,100.0,1
140,0.0,0.0,1
140,50.0,50.0,1
140,0.0,50.0,1
137,0.0,0.0,1
140,0.0,0.0,1
132,31.25,45.0,1
140,0.0,0.0,1
140,100.0,100.0,1
140,0.0,0.0,1
140,31.25,60.0,1
140,25.0,33.3333333333,1
138,0.0,0.0,1
140,25.0,33.3333333333,1
140,0.0,0.0,1
139,20.0,20.0,1
140,100.0,75.0,1
126,0.0,0.0,1
83,0.0,0.0,1
135,0.0,10.0,1
139,62.5,50.0,1
140,0.0,0.0,1
140,10.3571428571,41.0714285714,1
121,50.0,60.0,1
107,0.0,0.0,1
140,0.0,0.0,1
67,25.0,20.0,1
140,13.6363636364,45.4545454545,1
98,0.0,0.0,1
139,0.0,0.0,1
123,0.0,0.0,1
140,0.0,0.0,1
139,-10.4545454545,15.1515151515,1
140,0.0,0.0,1
139,0.0,0.0,1
125,-5.0,41.25,1
140,0.0,0.0,1
140,0.0,0.0,1
140,13.6363636364,45.4545454545,1
140,20.0,90.0,1
140,0.0,0.0,1
140,5.55111512313e-15,90.0,1
140,0.0,0.0,1
140,0.0,0.0,1
139,0.0,50.0,1
140,0.0,0.0,1
139,0.0,0.0,1
136,0.0,0.0,1
147,0.0,0.0,1
137,21.3068181818,45.4545454545,1
121,0.0,0.0,1
140,50.0,60.0,1
138,-10.0,10.8333333333,1
142,70.0,90.0,1
140,0.0,0.0,1
140,5.55111512313e-15,90.0,1
139,0.0,0.0,1
140,31.25,60.0,1
146,0.0,0.0,1
139,0.0,0.0,1
140,31.25,60.0,1
138,0.0,0.0,1
139,-10.4545454545,15.1515151515,1
140,-30.0,50.0,1
93,0.0,0.0,1
140,31.25,60.0,1
55,0.0,0.0,1
145,0.0,0.0,1
138,0.0,0.0,1
140,100.0,100.0,1
55,-14.5833333333,52.0833333333,1
139,15.0,15.0,1
136,2.5,47.5,1
138,0.0,40.0,1
143,100.0,75.0,1
140,-28.8888888889,35.5555555556,1
136,50.0,50.0,1
136,0.0,0.0,1
144,0.0,0.0,1
140,20.0,53.3333333333,1
140,0.0,0.0,1
135,12.5,17.5,1
141,100.0,75.0,1
134,16.6666666667,41.6666666667,1
139,-10.4545454545,15.1515151515,1
84,-20.0,40.0,1
140,5.55111512313e-15,90.0,1
140,31.25,44.5833333333,1
139,0.0,0.0,1
140,0.0,100.0,1
140,5.55111512313e-15,90.0,1
139,50.0,90.0,1
43,0.0,0.0,1
101,0.0,0.0,1
140,62.5,50.0,1
137,0.0,0.0,1
140,10.0,100.0,1
140,0.0,0.0,1
137,4.54545454545,41.8181818182,1
140,25.0,25.0,1
138,20.0,40.0,1
94,20.0,20.0,1
140,26.0416666667,45.0,1
138,0.0,0.0,1
132,0.0,0.0,1
115,70.0,90.0,1
18,0.0,0.0,1
135,0.0,0.0,1
140,10.0,100.0,1
140,0.0,0.0,1
136,50.0,50.0,1
140,43.75,81.25,1
140,0.0,0.0,1
97,0.0,0.0,1
140,0.0,40.0,1
140,13.6363636364,45.4545454545,1
139,0.0,0.0,1
136,5.0,25.0,1
126,20.0,100.0,1
137,0.0,0.0,1
145,43.3333333333,83.3333333333,1
143,25.0,33.3333333333,1
140,0.0,0.0,1
140,100.0,90.0,1
138,62.5,50.0,1
140,20.0,55.0,1
139,6.81818181818,35.2272727273,1
141,32.5,41.6666666667,1
139,52.0833333333,50.0,1
146,0.0,0.0,1
137,0.0,0.0,1
146,0.0,0.0,1
138,15.0,10.0,1
140,0.0,0.0,1
130,0.0,62.5,1
139,0.0,0.0,1
140,-16.6666666667,6.66666666667,1
140,0.0,0.0,1
141,32.5,41.6666666667,1
114,70.0,60.0,1
50,0.0,0.0,1
138,30.0,20.0,1
146,100.0,30.0,1
139,50.0,50.0,1
140,20.0,90.0,1
136,10.0,23.3333333333,1
140,100.0,75.0,1
137,0.0,0.0,1
81,0.0,0.0,1
98,0.0,0.0,1
140,25.0,25.0,1
112,-33.3333333333,46.6666666667,1
139,50.0,100.0,1
140,25.0,25.0,1
138,0.0,0.0,1
140,0.0,0.0,1
140,0.0,0.0,1
140,0.0,0.0,1
138,8.52272727273,42.7272727273,1
139,20.0,60.0,1
138,0.0,100.0,1
138,0.0,0.0,1
137,25.0,25.0,1
140,-41.5909090909,66.3636363636,1
144,0.0,0.0,1
143,-12.5,75.0,1
143,0.0,0.0,1
69,50.0,50.0,1
116,0.0,12.5,1
139,-3.18181818182,27.7272727273,1
140,0.0,0.0,1
101,-4.04761904762,48.8095238095,1
139,0.0,0.0,1
138,0.0,6.66666666667,1
140,5.55111512313e-15,90.0,1
140,0.0,0.0,1
140,13.6363636364,45.4545454545,1
140,30.0,70.0,1
136,0.0,40.0,1
139,0.0,0.0,1
140,0.0,0.0,1
108,43.75,87.5,1
139,62.5,50.0,1
140,20.0,90.0,1
138,0.0,0.0,1
130,0.0,0.0,1
137,10.0,23.3333333333,1
139,-3.18181818182,27.7272727273,1
140,0.0,40.0,1
106,-3.57142857143,16.9642857143,1
137,62.5,50.0,1
140,0.0,0.0,1
144,-7.14285714286,14.2857142857,1
140,-60.0,100.0,1
136,0.0,50.0,1
138,0.0,0.0,1
139,-5.0,65.0,1
140,13.6363636364,45.4545454545,1
139,0.0,0.0,1
138,0.0,0.0,1
140,12.5,17.5,1
115,-10.0,40.0,1
79,0.0,0.0,1
140,0.0,0.0,1
140,0.0,0.0,1
144,0.0,0.0,1
139,0.0,0.0,1
127,0.0,0.0,1
140,-3.18181818182,27.7272727273,1
145,25.0,45.0,1
135,-20.0,15.0,1
140,-12.5,37.5,1
111,25.0,25.0,1
114,0.0,0.0,1
146,0.0,0.0,1
140,-37.5,50.0,1
110,-80.0,80.0,1
140,0.0,50.0,1
140,0.0,0.0,1
140,0.0,0.0,1
136,0.0,6.66666666667,1
137,0.0,0.0,1
144,-12.5,75.0,1
140,0.0,0.0,1
140,40.0,60.0,1
136,0.0,0.0,1
139,10.0,23.3333333333,1
140,0.0,0.0,1
137,50.0,50.0,1
140,-30.0,65.0,1
130,50.0,50.0,1
144,6.0,60.0,1
144,0.0,0.0,1
144,-12.5,75.0,1
136,0.0,0.0,1
143,-12.5,75.0,1
141,8.33333333333,61.6666666667,1
141,0.0,0.0,1
82,0.0,0.0,1
139,0.0,0.0,1
139,50.0,50.0,1
139,0.0,0.0,1
140,20.0,90.0,1
141,8.33333333333,61.6666666667,1
140,0.0,40.0,1
137,0.0,0.0,1
140,0.0,0.0,1
136,0.0,0.0,1
139,60.0,90.0,1
145,0.0,0.0,1
140,13.6363636364,45.4545454545,1
140,0.0,0.0,1
140,10.0,0.0,1
140,0.0,0.0,1
138,0.0,0.0,1
124,13.6363636364,45.4545454545,1
136,62.5,72.5,1
120,0.0,0.0,1
142,37.5,37.5,1
140,0.0,0.0,1
139,25.3787878788,35.1515151515,1
140,0.0,0.0,1
106,0.0,50.0,1
140,0.0,0.0,1
139,-25.0,30.0,1
138,0.0,30.0,1
120,0.0,0.0,1
138,25.0,70.0,1
140,0.0,0.0,1
140,0.0,0.0,1
139,18.75,37.5,1
140,0.0,0.0,1
77,0.0,0.0,1
96,50.0,50.0,1
140,0.0,62.5,1
113,0.0,0.0,1
139,-10.0,10.0,1
140,0.0,0.0,1
136,100.0,30.0,1
137,0.0,0.0,1
120,0.0,0.0,1
140,0.0,0.0,1
144,0.0,50.0,1
140,25.0,25.0,1
140,40.0,53.3333333333,1
140,31.25,60.0,1
140,0.0,0.0,1
120,0.0,0.0,1
140,0.0,0.0,1
146,0.0,0.0,1
139,-20.0,15.0,1
139,75.0,90.0,1
136,0.0,0.0,1
141,0.0,0.0,1
141,0.0,0.0,1
140,0.0,0.0,1
140,8.33333333333,28.3333333333,1
144,-12.5,75.0,1
90,0.0,0.0,1
137,-4.91071428571,62.9464285714,1
144,0.0,0.0,1
140,0.0,0.0,1
140,0.0,0.0,1
134,0.0,0.0,1
140,30.0,90.0,1
131,13.6363636364,45.4545454545,1
140,0.0,62.5,1
140,26.4285714286,60.7142857143,1
139,0.0,0.0,1
139,18.75,37.5,1
139,18.75,37.5,1
139,18.75,37.5,1
140,18.75,37.5,1
140,13.6363636364,45.4545454545,1
85,6.81818181818,22.7272727273,1
140,0.0,0.0,1
124,50.0,60.0,1
140,0.0,0.0,1
142,37.5,37.5,1
131,13.6363636364,45.4545454545,1
140,31.25,60.0,1
140,0.0,0.0,1
122,0.0,0.0,1
140,-18.75,50.0,1
140,0.0,0.0,1
140,0.0,0.0,1
140,0.0,6.25,1
140,60.0,100.0,1
131,3.40909090909,36.3636363636,1
136,30.0,10.0,1
26,0.0,0.0,1
140,0.0,0.0,1
121,0.0,0.0,1
139,50.0,50.0,1
140,0.0,0.0,1
140,-1.66666666667,40.5555555556,1
140,54.1666666667,73.3333333333,1
123,100.0,75.0,1
138,0.0,0.0,1
87,32.4621212121,46.8181818182,1
140,0.0,0.0,1
140,13.75,61.25,1
140,0.0,0.0,1
139,-25.0,30.0,1
140,0.0,0.0,1
140,0.0,6.25,1
142,37.5,37.5,1
139,25.3787878788,35.1515151515,1
140,0.0,0.0,1
127,0.0,0.0,1
120,0.0,0.0,1
140,0.0,0.0,1
100,50.0,60.0,1
133,70.0,90.0,1
124,67.5,100.0,1
124,50.0,60.0,1
110,50.0,60.0,1
140,0.0,100.0,1
120,0.0,0.0,1
142,-15.0,20.0,1
140,0.0,0.0,1
126,11.2121212121,21.8181818182,1
140,26.0416666667,45.0,1
140,0.0,0.0,1
120,0.0,0.0,1
145,0.0,0.0,1
140,0.0,100.0,1
142,37.5,37.5,1
136,25.0,75.0,1
140,40.0,70.0,1
139,0.0,100.0,1
145,0.0,12.5,1
144,10.0,100.0,1
140,0.0,100.0,1
140,0.0,0.0,1
83,80.0,75.0,1
140,13.6363636364,45.4545454545,1
145,0.0,0.0,1
145,0.0,0.0,1
136,0.0,0.0,1
140,0.0,0.0,1
142,37.5,37.5,1
140,0.0,0.0,1
140,16.0,54.0,1
122,16.0,54.0,1
137,3.33333333333,6.66666666667,1
140,0.0,0.0,1
145,0.0,0.0,1
139,91.6666666667,96.6666666667,1
139,33.3333333333,50.0,1
144,0.0,50.0,1
84,13.6363636364,45.4545454545,1
140,20.0,40.0,1
145,0.0,0.0,1
140,0.0,0.0,1
140,0.0,0.0,1
145,0.0,0.0,1
145,0.0,0.0,1
140,0.0,0.0,1
145,0.0,0.0,1
146,0.0,0.0,1
140,40.0,60.0,1
140,0.0,0.0,1
140,0.0,0.0,1
139,50.0,50.0,1
140,0.0,0.0,1
140,0.0,0.0,1
140,0.0,0.0,1
140,13.6363636364,45.4545454545,1
132,0.0,0.0,1
136,62.5,50.0,1
140,0.0,0.0,1
140,40.0,53.3333333333,1
132,20.0,40.0,1
139,0.0,0.0,1
140,-16.6666666667,28.8888888889,1
132,0.0,0.0,1
140,13.6363636364,45.4545454545,1
116,0.0,0.0,1
138,25.0,25.0,1
140,31.25,60.0,1
140,0.0,0.0,1
142,0.0,0.0,1
140,0.0,0.0,1
140,0.0,0.0,1
140,25.7575757576,63.6363636364,1
140,0.0,0.0,1
144,0.0,50.0,1
118,46.875,75.0,1
143,0.0,0.0,1
145,-29.1666666667,54.1666666667,1
140,0.0,0.0,1
140,20.0,20.0,1
140,56.8181818182,72.7272727273,1
139,0.0,0.0,1
108,13.6363636364,45.4545454545,1
140,20.0,20.0,1
121,0.0,5.0,1
140,10.0,42.2222222222,1
139,0.0,100.0,1
140,0.0,0.0,1
140,20.0,20.0,1
91,0.0,0.0,1
144,0.0,50.0,1
140,90.0,100.0,1
141,8.33333333333,61.6666666667,1
141,0.0,0.0,1
140,0.0,0.0,1
140,20.0,20.0,1
131,20.0,50.0,1
126,13.6363636364,45.4545454545,1
144,0.0,50.0,1
140,62.5,50.0,1
140,41.6666666667,50.0,1
139,62.5,50.0,1
144,0.0,50.0,1
137,0.0,0.0,1
119,13.6363636364,45.4545454545,1
138,0.0,0.0,1
140,-8.33333333333,37.5,1
124,-5.0,40.0,1
139,-12.5,75.0,1
144,-12.5,75.0,1
139,100.0,30.0,1
34,0.0,0.0,1
139,-10.0,10.0,1
140,13.6363636364,45.4545454545,1
137,0.0,0.0,1
139,-25.0,30.0,1
139,-25.0,30.0,1
140,0.0,0.0,1
140,0.0,0.0,1
140,0.0,50.0,1
140,16.0,54.0,1
140,0.0,0.0,1
139,62.5,50.0,1
140,0.0,35.7142857143,1
140,0.0,0.0,1
126,0.0,0.0,1
99,20.0,50.0,1
137,0.0,0.0,1
139,25.3787878788,35.1515151515,1
140,-15.0,35.0,1
140,0.0,0.0,1
140,-20.0,40.0,1
140,13.6363636364,45.4545454545,1
140,0.0,0.0,1
140,0.0,0.0,1
140,20.0,40.0,1
138,0.0,0.0,1
140,0.0,0.0,1
140,-5.0,40.0,1
140,0.0,0.0,1
140,0.0,0.0,1
140,0.0,0.0,1
141,8.33333333333,61.6666666667,1
141,0.0,0.0,1
140,-30.0,50.0,1
140,0.0,0.0,1
137,0.0,0.0,1
140,0.0,0.0,1
140,0.0,0.0,1
140,0.0,0.0,1
104,11.2121212121,21.8181818182,1
140,0.0,0.0,1
140,70.0,70.0,1
121,0.0,0.0,1
140,31.25,60.0,1
139,-25.0,30.0,1
117,93.75,95.0,1
104,11.2121212121,21.8181818182,1
139,28.5714285714,53.5714285714,1
136,25.0,33.3333333333,1
139,25.3787878788,35.1515151515,1
140,90.0,100.0,1
84,13.6363636364,45.4545454545,1
140,0.0,0.0,1
104,11.2121212121,21.8181818182,1
109,0.0,0.0,1
140,0.0,0.0,1
140,0.0,0.0,1
94,0.0,0.0,1
140,0.0,0.0,1
140,0.0,0.0,1
61,0.0,0.0,1
140,0.0,0.0,1
140,0.0,0.0,1
112,10.0,100.0,1
123,6.81818181818,22.7272727273,1
139,-10.0,10.0,1
80,0.0,0.0,1
139,0.0,0.0,1
140,0.0,0.0,1
140,35.0,100.0,1
140,0.0,0.0,1
140,0.0,0.0,1
140,0.0,0.0,1
140,0.0,0.0,1
140,0.0,40.0,1
79,6.25,53.8461538462,1
72,13.6363636364,45.4545454545,1
140,90.0,100.0,1
121,0.0,0.0,1
132,0.0,0.0,1
139,-40.0,70.0,1
117,0.0,0.0,1
140,25.0,25.0,1
139,12.5,81.25,1
140,0.0,0.0,1
139,62.5,50.0,1
78,0.0,0.0,1
109,11.2121212121,21.8181818182,1
140,0.0,0.0,1
125,-3.33333333333,23.3333333333,1
139,0.0,0.0,1
138,31.25,75.0,1
104,11.2121212121,21.8181818182,1
106,13.6363636364,45.4545454545,1
104,11.2121212121,21.8181818182,1
117,93.75,95.0,1
140,-41.6666666667,83.3333333333,1
55,100.0,100.0,1
104,11.2121212121,21.8181818182,1
104,11.2121212121,21.8181818182,1
104,0.0,12.5,1
98,0.0,0.0,1
139,0.0,0.0,1
140,-16.6666666667,41.6666666667,1
140,100.0,100.0,1
139,25.3787878788,35.1515151515,1
140,13.75,61.25,1
139,-25.0,30.0,1
138,62.5,50.0,1
144,0.0,50.0,1
85,11.2121212121,21.8181818182,1
70,0.0,0.0,1
139,25.3787878788,35.1515151515,1
137,0.0,0.0,1
140,0.0,16.6666666667,1
138,62.5,50.0,1
140,0.0,0.0,1
134,0.0,0.0,1
140,0.0,0.0,1
117,0.0,0.0,1
140,13.6363636364,45.4545454545,1
140,0.0,0.0,1
110,11.2121212121,21.8181818182,1
142,-40.0,40.0,1
140,20.0,30.0,1
140,0.0,0.0,1
140,31.25,60.0,1
140,0.0,0.0,1
110,19.3181818182,65.2272727273,1
120,0.0,0.0,1
136,0.0,100.0,1
140,0.0,0.0,1
139,-25.0,30.0,1
138,13.6363636364,45.4545454545,1
140,12.5,32.5,1
140,62.5,50.0,1
140,12.0,13.3333333333,1
116,0.0,0.0,1
140,15.0,10.0,1
78,28.5714285714,53.5714285714,1
140,16.0,54.0,1
140,-20.0,40.0,1
140,62.5,50.0,1
95,13.6363636364,45.4545454545,1
140,-30.0,60.0,1
120,0.0,0.0,1
140,-80.0,100.0,1
92,-1.25,63.75,1
130,0.0,0.0,1
145,0.0,0.0,1
140,16.0,54.0,1
140,40.0,70.0,1
139,100.0,100.0,1
140,56.8181818182,72.7272727273,1
140,0.0,0.0,1
131,13.6363636364,45.4545454545,1
140,-48.6111111111,83.3333333333,1
76,0.0,0.0,1
139,25.3787878788,35.1515151515,1
140,13.75,61.25,1
117,93.75,95.0,1
139,-25.0,30.0,1
140,15.8333333333,20.0,1
116,0.0,0.0,1
140,56.8181818182,72.7272727273,1
120,0.0,0.0,1
123,6.81818181818,22.7272727273,1
116,0.0,0.0,1
140,16.8181818182,27.7272727273,1
121,0.0,0.0,1
140,0.0,100.0,1
124,-93.75,90.0,1
140,40.0,80.0,1
139,-70.0,95.0,1
99,50.0,75.0,1
140,40.0,70.0,1
120,0.0,0.0,1
120,0.0,0.0,1
138,62.5,50.0,1
129,50.0,60.0,1
140,0.0,0.0,1
140,13.6363636364,45.4545454545,1
137,0.0,0.0,1
139,6.81818181818,35.2272727273,1
140,0.0,0.0,1
125,-5.0,40.0,1
144,0.0,0.0,1
140,-10.0,60.0,1
140,0.0,0.0,1
139,25.3787878788,35.1515151515,1
139,50.0,50.0,1
140,-15.0,28.75,1
140,0.0,0.0,1
140,0.0,0.0,1
140,40.0,80.0,1
140,0.0,0.0,1
140,23.3333333333,46.2962962963,1
136,62.5,50.0,1
96,0.0,0.0,1
136,0.0,6.66666666667,1
140,40.0,53.3333333333,1
140,50.0,50.0,1
142,0.0,0.0,1
140,50.0,50.0,1
138,13.6363636364,45.4545454545,1
140,50.0,50.0,1
140,13.6363636364,45.4545454545,1
139,-25.0,30.0,1
140,-33.3333333333,71.4285714286,1
139,0.0,0.0,1
140,40.0,70.0,1
124,-15.5555555556,28.8888888889,1
140,50.0,50.0,1
140,0.0,0.0,1
139,0.0,0.0,1
140,0.0,100.0,1
140,50.0,50.0,1
140,0.0,0.0,1
120,13.6363636364,45.4545454545,1
140,13.6363636364,45.4545454545,1
139,-25.0,30.0,1
140,40.0,70.0,1
139,13.6363636364,45.4545454545,1
68,0.0,0.0,1
139,0.0,100.0,1
90,40.0,90.0,1
140,0.0,0.0,1
140,40.0,70.0,1
140,50.0,50.0,1
123,6.81818181818,22.7272727273,1
140,4.54545454545,18.4848484848,1
140,-20.0,40.0,1
140,0.0,0.0,1
139,50.0,50.0,1
123,-12.5,62.5,1
123,-12.5,62.5,1
136,0.0,0.0,1
102,0.0,6.66666666667,1
139,25.3787878788,35.1515151515,1
140,-10.0,27.5,1
106,-12.5,62.5,1
140,0.0,0.0,1
131,3.125,30.0,1
138,0.0,0.0,1
139,-25.0,30.0,1
139,-25.0,30.0,1
140,80.0,75.0,1
139,25.3787878788,35.1515151515,1
140,13.75,61.25,1
139,0.0,10.0,1
140,0.0,0.0,1
140,70.0,70.0,1
140,0.0,0.0,1
140,26.4285714286,60.7142857143,1
138,0.0,0.0,1
140,-75.0,100.0,1
140,0.0,100.0,1
138,0.0,0.0,1
146,0.0,0.0,1
139,-25.0,30.0,1
140,60.0,100.0,1
140,0.0,0.0,1
140,10.9090909091,26.9886363636,1
138,0.0,0.0,1
140,0.0,0.0,1
140,40.0,70.0,1
139,-25.0,30.0,1
140,0.0,0.0,1
136,0.0,6.66666666667,1
127,-3.33333333333,11.6666666667,1
139,0.0,100.0,1
140,60.0,100.0,1
122,0.0,0.0,1
140,25.0,25.0,1
140,40.0,70.0,1
85,62.5,60.0,1
140,40.0,70.0,1
140,0.0,0.0,1
132,10.0,75.0,1
140,16.0,54.0,1
99,80.0,75.0,1
140,0.0,0.0,1
140,0.0,0.0,1
141,52.0833333333,50.0,1
140,62.5,50.0,1
138,10.0,40.0,1
139,0.0,0.0,1
140,10.0,40.0,1
135,0.0,0.0,1
118,93.75,95.0,1
140,0.0,0.0,1
137,0.0,0.0,1
111,0.0,0.0,1
140,21.1111111111,75.0,1
140,0.0,0.0,1
114,0.0,0.0,1
140,0.0,0.0,1
140,2.91666666667,35.0,1
139,100.0,30.0,1
95,0.0,0.0,1
139,32.1428571429,65.8928571429,1
112,55.0,74.4444444444,1
114,0.0,0.0,1
137,50.0,50.0,1
140,10.0,40.0,1
140,10.0,90.0,1
140,0.0,0.0,1
146,43.3333333333,83.3333333333,1
139,62.5,50.0,1
89,9.09090909091,30.303030303,1
139,32.1428571429,65.8928571429,1
140,0.0,37.8571428571,1
138,62.5,50.0,1
139,20.0,60.0,1
90,0.0,0.0,1
140,10.0,40.0,1
140,0.0,50.0,1
140,25.3333333333,66.3333333333,1
139,21.1111111111,75.0,1
140,0.0,0.0,1
136,0.0,0.0,1
140,0.0,0.0,1
120,17.0454545455,45.4545454545,1
138,30.0,50.0,1
136,0.0,0.0,1
140,46.6666666667,87.7777777778,1
135,10.0,40.0,1
140,0.0,0.0,1
140,37.5,100.0,1
139,0.0,0.0,1
140,-48.6111111111,83.3333333333,1
140,-25.0,50.0,1
135,-43.3333333333,83.3333333333,1
99,35.0,30.0,1
140,27.1428571429,51.4285714286,1
139,25.5681818182,47.7272727273,1
146,0.0,0.0,1
140,10.0,40.0,1
140,0.0,0.0,1
135,0.0,0.0,1
146,0.0,0.0,1
144,-50.0,100.0,1
140,47.1428571429,75.7142857143,1
110,0.0,0.0,1
115,0.0,0.0,1
124,0.0,0.0,1
140,17.5,45.0,1
50,0.0,12.5,1
104,11.2121212121,21.8181818182,1
140,47.1428571429,75.7142857143,1
136,0.0,0.0,1
93,0.0,40.0,1
140,27.1428571429,51.4285714286,1
140,0.0,0.0,1
140,0.0,0.0,1
139,32.1428571429,65.8928571429,1
90,0.0,0.0,1
145,35.0,80.0,1
138,0.0,0.0,1
138,25.0,25.0,1
136,0.0,0.0,1
73,0.0,0.0,1
144,-15.0,85.0,1
140,25.3333333333,66.3333333333,1
140,6.94444444444,34.7222222222,1
144,-15.0,38.75,1
104,11.2121212121,21.8181818182,1
106,28.5714285714,53.5714285714,1
139,-10.4545454545,15.1515151515,1
140,10.0,40.0,1
109,13.6363636364,45.4545454545,1
112,55.0,74.4444444444,1
140,0.0,0.0,1
51,20.0,20.0,1
99,20.0,50.0,1
140,0.0,0.0,1
140,27.1428571429,51.4285714286,1
140,0.0,0.0,1
113,0.0,0.0,1
93,-4.16666666667,75.0,1
139,32.1428571429,65.8928571429,1
140,0.0,0.0,1
139,-4.16666666667,75.0,1
138,-4.16666666667,75.0,1
90,0.0,0.0,1
137,0.0,0.0,1
140,5.0,10.0,1
132,0.0,0.0,1
140,0.0,0.0,1
90,0.0,0.0,1
146,0.0,0.0,1
128,25.3333333333,66.3333333333,1
104,11.2121212121,21.8181818182,1
108,0.0,0.0,1
139,-8.92857142857,21.4285714286,1
72,-16.6666666667,16.6666666667,1
104,11.2121212121,21.8181818182,1
140,27.1428571429,51.4285714286,1
140,17.5,31.6666666667,1
100,0.0,0.0,1
139,50.0,50.0,1
116,0.0,0.0,1
140,0.0,25.0,1
90,0.0,0.0,1
132,0.0,0.0,1
112,55.0,74.4444444444,1
138,0.0,0.0,1
140,0.0,0.0,1
140,-12.5,100.0,1
140,-18.75,50.0,1
140,27.1428571429,51.4285714286,1
139,0.0,0.0,1
132,0.0,0.0,1
114,0.0,0.0,1
111,0.0,0.0,1
140,0.0,3.33333333333,1
140,0.0,6.66666666667,1
104,11.2121212121,21.8181818182,1
140,0.0,0.0,1
93,0.0,0.0,1
146,0.0,0.0,1
140,27.1428571429,51.4285714286,1
140,0.0,0.0,1
112,55.0,74.4444444444,1
140,27.1428571429,51.4285714286,1
104,11.2121212121,21.8181818182,1
90,0.0,0.0,1
100,0.0,0.0,1
114,0.0,0.0,1
140,5.0,10.0,1
137,0.0,0.0,1
144,-12.5,75.0,1
104,11.2121212121,21.8181818182,1
144,0.0,0.0,1
140,0.0,0.0,1
112,55.0,74.4444444444,1
140,12.5,40.0,1
140,0.0,0.0,1
128,0.0,0.0,1
140,5.0,10.0,1
140,-5.0,40.0,1
115,11.2121212121,21.8181818182,1
144,-15.0,38.75,1
136,0.0,0.0,1
140,0.0,0.0,1
140,5.0,15.0,1
141,0.0,50.0,1
69,0.0,0.0,1
144,20.0,90.0,1
139,-25.0,30.0,1
139,0.0,0.0,1
112,55.0,74.4444444444,1
140,0.0,0.0,1
140,0.0,0.0,1
140,0.0,0.0,1
144,13.3333333333,20.0,1
117,0.0,0.0,1
139,32.1428571429,65.8928571429,1
139,0.0,0.0,1
140,-5.0,28.8888888889,1
104,11.2121212121,21.8181818182,1
112,55.0,74.4444444444,1
140,0.0,0.0,1
136,0.0,0.0,1
104,11.2121212121,21.8181818182,1
126,20.0,50.0,1
140,0.0,6.66666666667,1
59,-20.0,80.0,1
104,11.2121212121,21.8181818182,1
140,6.81818181818,22.7272727273,1
143,29.1666666667,36.6666666667,1
140,37.5,100.0,1
138,0.0,0.0,1
140,0.0,0.0,1
141,0.0,0.0,1
140,0.0,0.0,1
104,11.2121212121,21.8181818182,1
137,20.0,40.0,1
140,0.0,6.66666666667,1
139,0.0,0.0,1
67,0.0,0.0,1
140,100.0,100.0,1
93,0.0,0.0,1
104,11.2121212121,21.8181818182,1
90,0.0,0.0,1
90,0.0,0.0,1
90,0.0,0.0,1
90,0.0,0.0,1
140,0.0,0.0,1
105,-50.0,100.0,1
140,25.0,25.0,1
105,0.0,12.5,1
140,-5.0,28.8888888889,1
112,55.0,74.4444444444,1
124,0.0,0.0,1
104,11.2121212121,21.8181818182,1
140,0.0,0.0,1
136,62.5,50.0,1
112,55.0,74.4444444444,1
137,4.54545454545,41.8181818182,1
139,50.0,30.0,1
112,55.0,74.4444444444,1
139,0.0,0.0,1
140,100.0,100.0,1
143,-40.0,60.0,1
114,0.0,0.0,1
112,55.0,74.4444444444,1
96,0.0,0.0,1
140,30.0,62.5,1
108,0.0,12.5,1
140,0.0,0.0,1
137,-10.0,60.0,1
144,-40.0,60.0,1
140,-22.0,48.0,1
136,20.0,40.0,1
113,6.25,25.0,1
140,0.0,0.0,1
80,18.1481481481,39.6296296296,1
140,0.0,0.0,1
139,-18.75,50.0,1
137,0.0,0.0,1
91,28.5714285714,53.5714285714,1
139,50.0,90.0,1
148,0.0,0.0,1
140,27.1428571429,51.4285714286,1
104,11.2121212121,21.8181818182,1
76,0.0,0.0,1
140,70.0,90.0,1
127,0.0,0.0,1
137,0.0,0.0,1
102,37.5,75.0,1
118,100.0,100.0,1
140,8.33333333333,28.3333333333,1
104,11.2121212121,21.8181818182,1
58,0.0,0.0,1
93,0.0,0.0,1
140,0.0,75.0,1
140,0.0,75.0,1
140,13.6363636364,45.4545454545,1
139,0.0,0.0,1
137,0.0,0.0,1
140,0.0,0.0,1
135,0.0,0.0,1
68,0.0,6.66666666667,1
139,50.0,30.0,1
138,20.0,41.6666666667,1
140,90.0,100.0,1
139,0.0,0.0,1
117,0.0,0.0,1
140,93.75,95.0,1
104,11.2121212121,21.8181818182,1
134,25.0,25.0,1
139,0.0,0.0,1
140,0.0,6.66666666667,1
139,0.0,0.0,1
140,62.5,50.0,1
139,62.5,50.0,1
90,0.0,0.0,1
104,11.2121212121,21.8181818182,1
117,93.75,95.0,1
139,0.0,40.0,1
113,0.0,40.0,1
137,35.0,45.0,1
140,0.0,37.8571428571,1
146,0.0,0.0,1
140,90.0,100.0,1
139,0.0,0.0,1
140,0.0,6.66666666667,1
145,0.0,0.0,1
132,0.0,0.0,1
105,0.0,0.0,1
140,0.0,0.0,1
104,11.2121212121,21.8181818182,1
140,0.0,37.8571428571,1
138,0.0,6.66666666667,1
138,6.81818181818,22.7272727273,1
140,0.0,0.0,1
140,0.0,0.0,1
130,0.0,0.0,1
113,0.0,0.0,1
125,0.0,0.0,1
145,0.0,0.0,1
140,0.0,0.0,1
130,0.0,0.0,1
90,0.0,0.0,1
130,0.0,0.0,1
136,0.0,0.0,1
146,-5.0,24.4444444444,1
144,0.0,0.0,1
140,10.0,40.0,1
139,0.0,0.0,1
43,0.0,0.0,1
136,10.0,55.0,1
140,0.0,0.0,1
138,30.0,20.0,1
140,0.0,0.0,1
104,11.2121212121,21.8181818182,1
121,0.0,0.0,1
90,0.0,0.0,1
114,0.0,0.0,1
73,-25.0,100.0,1
133,0.0,0.0,1
149,13.6363636364,45.4545454545,1
136,62.5,50.0,1
139,32.1428571429,65.8928571429,1
128,25.0,25.0,1
136,0.0,0.0,1
140,-10.4545454545,15.1515151515,1
145,-15.0,30.0,1
113,0.0,0.0,1
104,11.2121212121,21.8181818182,1
139,0.0,50.0,1
138,-25.0,55.0,1
140,-17.8571428571,28.5714285714,1
140,15.7575757576,43.6363636364,1
104,11.2121212121,21.8181818182,1
137,4.54545454545,41.8181818182,1
140,80.0,75.0,1
91,42.8571428571,84.5238095238,1
140,0.0,37.8571428571,1
140,5.0,20.0,1
124,0.0,0.0,1
116,9.44444444444,45.5555555556,1
140,4.54545454545,18.4848484848,1
140,54.4444444444,81.1111111111,1
140,0.0,37.8571428571,1
92,0.0,0.0,1
144,0.0,0.0,1
104,11.2121212121,21.8181818182,1
140,70.0,90.0,1
138,21.25,32.5,1
140,0.0,0.0,1
140,10.0,40.0,1
112,55.0,74.4444444444,1
140,50.0,90.0,1
130,75.8333333333,90.0,1
112,0.0,0.0,1
109,50.0,40.0,1
139,32.1428571429,65.8928571429,1
140,0.0,0.0,1
104,11.2121212121,21.8181818182,1
132,0.0,0.0,1
140,0.0,45.0,1
140,32.8787878788,80.0,1
114,0.0,0.0,1
104,11.2121212121,21.8181818182,1
128,0.0,0.0,1
91,0.0,0.0,1
136,25.0,25.0,1
136,0.0,0.0,1
140,0.0,0.0,1
140,0.0,0.0,1
133,0.0,0.0,1
133,0.0,0.0,1
139,-12.5,75.0,1
140,0.0,0.0,1
140,37.8787878788,48.4848484848,1
140,10.0,30.0,1
146,-15.0,30.0,1
144,-15.0,38.75,1
144,13.3333333333,20.0,1
52,-15.5555555556,28.8888888889,1
140,0.0,6.66666666667,1
139,32.1428571429,65.8928571429,1
145,0.0,0.0,1
145,0.0,0.0,1
140,0.0,0.0,1
140,37.5,100.0,1
139,0.0,0.0,1
139,0.0,10.0,1
139,0.0,0.0,1
139,0.0,0.0,1
140,0.0,0.0,1
105,6.81818181818,22.7272727273,1
140,0.0,0.0,1
140,70.0,90.0,1
140,0.0,0.0,1
127,0.0,0.0,1
140,0.0,0.0,1
140,0.0,0.0,1
140,0.0,0.0,1
140,0.0,0.0,1
140,13.6363636364,45.4545454545,1
140,25.0,50.0,1
43,0.0,0.0,1
43,0.0,0.0,1
108,0.0,0.0,1
140,0.0,0.0,1
140,0.0,0.0,1
114,0.0,0.0,1
140,40.0,53.3333333333,1
135,50.0,50.0,1
139,0.0,0.0,1
140,0.0,0.0,1
104,11.2121212121,21.8181818182,1
127,0.0,0.0,1
140,0.0,0.0,1
140,0.0,0.0,1
138,70.0,90.0,1
139,0.0,0.0,1
114,0.0,0.0,1
114,0.0,0.0,1
123,0.0,0.0,1
120,17.0454545455,50.0,1
104,11.2121212121,21.8181818182,1
139,0.0,0.0,1
140,0.0,0.0,1
120,17.0454545455,50.0,1
112,55.0,74.4444444444,1
140,0.0,0.0,1
139,32.1428571429,65.8928571429,1
140,0.0,0.0,1
135,0.0,0.0,1
140,0.0,0.0,1
140,0.0,37.8571428571,1
140,0.0,100.0,1
104,11.2121212121,21.8181818182,1
139,67.7083333333,73.3333333333,1
114,0.0,0.0,1
140,0.0,0.0,1
130,70.0,90.0,1
114,0.0,0.0,1
144,-15.0,38.75,1
97,6.81818181818,22.7272727273,1
140,31.25,60.0,1
140,-20.0,15.0,1
140,0.0,0.0,1
114,0.0,0.0,1
114,0.0,0.0,1
115,11.2121212121,21.8181818182,1
136,0.0,100.0,1
129,0.0,0.0,1
114,0.0,0.0,1
135,13.6363636364,45.4545454545,1
139,50.0,30.0,1
127,0.0,0.0,1
140,0.0,0.0,1
114,0.0,0.0,1
139,-25.0,30.0,1
110,0.0,0.0,1
128,0.0,0.0,1
138,13.6363636364,45.4545454545,1
114,0.0,0.0,1
114,0.0,0.0,1
139,0.0,0.0,1
130,0.0,0.0,1
115,0.0,0.0,1
114,0.0,0.0,1
114,0.0,0.0,1
114,0.0,0.0,1
137,0.0,0.0,1
140,-3.33333333333,46.6666666667,1
140,0.0,0.0,1
104,11.2121212121,21.8181818182,1
104,11.2121212121,21.8181818182,1
90,0.0,0.0,1
140,35.0,55.0,1
114,0.0,0.0,1
100,11.2121212121,21.8181818182,1
114,0.0,0.0,1
140,13.6363636364,45.4545454545,1
127,50.0,30.0,1
134,0.0,0.0,1
99,0.0,0.0,1
129,0.0,0.0,1
114,0.0,0.0,1
90,0.0,0.0,1
94,-12.5,37.5,1
114,0.0,0.0,1
108,0.0,0.0,1
140,0.0,0.0,1
133,0.0,100.0,1
116,0.0,0.0,1
144,-15.0,38.75,1
139,62.5,50.0,1
139,10.0,38.3333333333,1
114,0.0,0.0,1
140,0.0,0.0,1
135,13.6363636364,45.4545454545,1
121,5.0,15.0,1
140,-5.16666666667,42.6666666667,1
140,60.0,55.0,1
74,0.0,0.0,1
139,0.0,0.0,1
139,-25.0,34.1666666667,1
138,10.0,32.7777777778,1
140,41.6666666667,60.8333333333,1
140,0.0,0.0,1
140,0.0,100.0,1
137,0.0,0.0,1
138,0.0,0.0,1
136,0.0,0.0,1
136,0.0,0.0,1
136,43.3333333333,83.3333333333,1
141,0.0,0.0,1
141,0.0,0.0,1
140,25.0,25.0,1
64,0.0,0.0,1
139,21.3068181818,45.4545454545,1
122,0.0,50.0,1
140,100.0,30.0,1
137,0.0,12.5,1
128,6.81818181818,22.7272727273,1
140,12.8787878788,43.4848484848,1
139,0.0,0.0,1
140,-19.4047619048,25.7142857143,1
135,-25.0,41.25,1
132,43.3333333333,73.3333333333,1
140,41.6666666667,60.8333333333,1
140,0.0,0.0,1
140,-35.0,90.0,1
53,0.0,0.0,1
140,-3.33333333333,46.6666666667,1
68,0.0,0.0,1
140,41.6666666667,60.8333333333,1
30,100.0,100.0,1
134,0.0,0.0,1
76,0.0,0.0,1
140,-5.16666666667,42.6666666667,1
95,-12.5,100.0,1
140,16.6666666667,86.6666666667,1
140,25.0,25.0,1
146,0.0,0.0,1
139,0.0,0.0,1
140,0.0,0.0,1
140,-3.33333333333,46.6666666667,1
140,0.0,0.0,1
137,0.0,0.0,1
140,19.3181818182,39.3939393939,1
51,20.0,40.0,1
102,6.81818181818,22.7272727273,1
138,25.0,25.0,1
39,0.0,0.0,1
140,-48.6111111111,83.3333333333,1
140,-48.6111111111,83.3333333333,1
114,0.0,0.0,1
58,0.0,12.5,1
39,80.0,100.0,1
140,0.0,0.0,1
139,32.1428571429,65.8928571429,1
140,0.0,0.0,1
140,0.0,12.5,1
85,0.0,0.0,1
140,0.0,12.5,1
138,25.0,25.0,1
140,63.3333333333,66.6666666667,1
135,0.0,0.0,1
141,0.0,0.0,1
137,52.0833333333,50.0,1
140,31.25,60.0,1
140,8.33333333333,28.3333333333,1
146,0.0,0.0,1
136,0.0,0.0,1
140,20.0,80.0,1
140,-19.4047619048,25.7142857143,1
137,0.0,6.66666666667,1
137,0.0,0.0,1
140,19.3181818182,39.3939393939,1
139,0.0,0.0,1
137,0.0,0.0,1
140,25.0,25.0,1
148,37.5,20.0,1
140,19.3181818182,39.3939393939,1
96,-7.14285714286,21.4285714286,1
108,-12.5,37.5,1
134,0.0,0.0,1
140,60.0,90.0,1
140,0.0,0.0,1
139,37.5,75.0,1
141,0.0,0.0,1
140,-5.16666666667,42.6666666667,1
145,35.0,80.0,1
131,0.0,0.0,1
143,2.85714285714,7.14285714286,1
140,0.0,36.875,1
139,0.0,0.0,1
140,6.81818181818,22.7272727273,1
48,0.0,0.0,1
138,30.0,20.0,1
140,20.0,30.0,1
141,8.33333333333,61.6666666667,1
102,0.0,50.0,1
140,50.0,50.0,1
145,0.0,0.0,1
137,50.0,50.0,1
137,20.0,40.0,1
111,-30.0,25.0,1
139,-15.0,10.0,1
102,26.0227272727,50.2272727273,1
140,1.875,47.5,1
119,0.0,50.0,1
150,0.0,0.0,1
138,25.0,25.0,1
140,0.0,0.0,1
138,0.0,100.0,1
139,0.0,0.0,1
139,10.7142857143,26.4285714286,1
140,60.0,90.0,1
140,31.8181818182,67.7272727273,1
139,-80.0,100.0,1
140,11.6666666667,21.6666666667,1
137,25.0,25.0,1
137,0.0,0.0,1
132,80.0,90.0,1
139,0.0,27.5,1
71,40.0,80.0,1
140,-19.4047619048,25.7142857143,1
144,0.0,0.0,1
85,0.0,0.0,1
97,0.0,0.0,1
139,0.0,40.0,1
140,20.0,30.0,1
137,0.0,6.66666666667,1
139,0.0,10.0,1
144,40.625,43.75,1
141,0.0,0.0,1
140,2.5,50.8333333333,1
140,11.6666666667,21.6666666667,1
140,0.0,0.0,1
140,0.0,0.0,1
137,0.0,0.0,1
96,53.3333333333,78.3333333333,1
139,3.33333333333,6.66666666667,1
140,0.0,0.0,1
88,43.3333333333,73.3333333333,1
140,60.0,55.0,1
140,0.0,0.0,1
140,5.0,26.25,1
139,93.75,95.0,1
140,16.0,28.0,1
139,29.1666666667,75.0,1
139,93.75,95.0,1
117,93.75,95.0,1
138,0.0,0.0,1
132,20.0,90.0,1
79,0.0,50.0,1
117,0.0,0.0,1
140,62.5,50.0,1
142,51.5,92.5,1
139,11.6666666667,21.6666666667,1
119,0.0,0.0,1
140,25.0,33.3333333333,1
139,62.5,50.0,1
139,10.7142857143,26.4285714286,1
139,10.7142857143,26.4285714286,1
140,0.0,40.0,1
140,-5.16666666667,42.6666666667,1
140,20.0,40.0,1
104,0.0,0.0,1
138,62.5,50.0,1
139,-80.0,100.0,1
140,0.0,16.6666666667,1
109,0.0,0.0,1
139,0.0,0.0,1
140,0.0,0.0,1
140,-21.25,38.75,1
93,0.0,0.0,1
140,0.0,0.0,1
140,75.0,90.0,1
140,0.0,0.0,1
140,31.8181818182,75.0,1
140,0.0,0.0,1
137,17.0454545455,45.4545454545,1
139,0.0,0.0,1
148,0.0,0.0,1
121,25.0,35.0,1
141,0.0,0.0,1
140,25.0,25.0,1
139,0.0,25.0,1
138,0.0,0.0,1
84,50.0,50.0,1
140,50.0,50.0,1
140,50.0,50.0,1
150,13.6363636364,45.4545454545,1
140,0.0,12.5,1
140,0.0,0.0,1
140,47.7777777778,72.2222222222,1
140,16.0,28.0,1
149,13.6363636364,45.4545454545,1
137,0.0,5.0,1
138,0.0,0.0,1
135,16.0,28.0,1
138,0.0,40.0,1
136,-6.66666666667,80.0,1
135,-19.5238095238,64.2857142857,1
140,11.6666666667,21.6666666667,1
140,20.0,80.0,1
140,6.81818181818,22.7272727273,1
139,0.0,0.0,1
138,33.3333333333,50.0,1
137,0.0,0.0,1
139,0.0,12.5,1
140,0.0,0.0,1
139,50.0,50.0,1
139,0.0,5.0,1
140,0.0,0.0,1
138,25.0,25.0,1
69,0.0,0.0,1
137,50.0,50.0,1
45,0.0,0.0,1
145,-15.0,30.0,1
96,0.0,0.0,1
86,-80.0,80.0,1
76,0.0,0.0,1
140,20.0,80.0,1
140,0.0,0.0,1
145,-15.0,30.0,1
38,-41.6666666667,66.6666666667,1
100,0.0,0.0,1
137,25.0,25.0,1
139,0.0,0.0,1
140,6.81818181818,22.7272727273,1
140,50.0,50.0,1
140,25.0,85.0,1
140,13.5746753247,46.7792207792,1
108,0.0,50.0,1
144,27.3376623377,38.1493506494,1
138,8.52272727273,42.7272727273,1
140,-27.7777777778,59.4444444444,1
140,20.0,40.0,1
141,50.0,50.0,1
137,0.0,50.0,1
140,20.0,80.0,1
96,50.0,50.0,1
138,-10.0,20.0,1
140,10.0,40.0,1
140,0.0,0.0,1
137,0.0,50.0,1
140,25.0,50.0,1
140,50.0,50.0,1
138,-5.0,40.0,1
141,100.0,75.0,1
140,6.81818181818,35.2272727273,1
137,0.0,50.0,1
127,0.0,10.0,1
140,0.0,0.0,1
140,21.25,28.75,1
140,27.1428571429,51.4285714286,1
106,0.0,50.0,1
140,13.75,35.0,1
140,60.0,90.0,1
140,0.0,0.0,1
116,50.0,50.0,1
139,-25.0,34.1666666667,1
137,25.0,25.0,1
140,19.3181818182,39.3939393939,1
140,0.0,0.0,1
119,-7.5,70.0,1
140,60.0,55.0,1
112,55.0,74.4444444444,1
140,0.0,0.0,1
140,6.81818181818,22.7272727273,1
140,6.81818181818,22.7272727273,1
121,0.0,0.0,1
140,19.3181818182,39.3939393939,1
140,6.81818181818,22.7272727273,1
115,0.0,50.0,1
139,50.0,90.0,1
140,0.0,6.66666666667,1
139,37.5,75.0,1
125,0.0,50.0,1
119,0.0,50.0,1
132,0.0,0.0,1
36,0.0,0.0,1
119,0.0,50.0,1
140,54.4444444444,81.1111111111,1
140,0.0,0.0,1
140,-19.4047619048,25.7142857143,1
144,0.0,0.0,1
91,25.0,25.0,1
135,20.0,40.0,1
120,0.0,40.0,1
115,0.0,40.0,1
114,0.0,40.0,1
140,0.0,0.0,1
140,0.0,35.7142857143,1
94,0.0,0.0,1
99,20.0,50.0,1
140,5.0,100.0,1
140,39.0151515152,51.8181818182,1
140,25.0,25.0,1
140,13.6363636364,45.4545454545,1
139,0.0,0.0,1
137,0.0,0.0,1
139,0.0,50.0,1
132,25.0,85.0,1
140,19.3181818182,39.3939393939,1
140,-5.16666666667,42.6666666667,1
139,37.5,75.0,1
140,0.0,0.0,1
112,43.3333333333,73.3333333333,1
119,0.0,50.0,1
112,50.0,50.0,1
140,11.6666666667,21.6666666667,1
140,0.0,0.0,1
140,0.0,40.0,1
140,0.0,37.8571428571,1
140,21.25,28.75,1
140,20.0,80.0,1
139,0.0,0.0,1
140,60.0,55.0,1
59,35.0,55.0,1
140,13.6363636364,45.4545454545,1
139,35.0,35.0,1
140,40.0,90.0,1
140,6.81818181818,22.7272727273,1
140,-3.33333333333,46.6666666667,1
138,21.2121212121,31.8181818182,1
133,3.40909090909,36.3636363636,1
132,0.0,0.0,1
139,-10.0,23.3333333333,1
102,0.0,50.0,1
140,20.0,80.0,1
74,0.0,0.0,1
139,0.0,0.0,1
80,0.0,50.0,1
140,60.0,90.0,1
89,43.3333333333,73.3333333333,1
140,33.3333333333,50.0,1
138,0.0,0.0,1
90,0.0,0.0,1
90,0.0,0.0,1
109,0.0,0.0,1
140,16.6666666667,16.6666666667,1
140,50.0,90.0,1
87,0.0,10.0,1
69,0.0,50.0,1
140,0.0,0.0,1
140,25.0,45.0,1
139,-20.0,32.2222222222,1
139,0.0,10.0,1
140,60.0,55.0,1
137,25.0,25.0,1
136,-10.0,23.3333333333,1
101,6.81818181818,22.7272727273,1
137,0.0,0.0,1
138,30.0,20.0,1
140,87.5,90.0,1
144,20.0,60.0,1
101,6.81818181818,22.7272727273,1
144,0.0,0.0,1
139,0.0,10.0,1
52,0.0,50.0,1
139,0.0,0.0,1
139,0.0,0.0,1
140,0.0,0.0,1
140,0.0,0.0,1
140,11.6666666667,21.6666666667,1
137,25.0,25.0,1
140,32.5,42.0833333333,1
140,0.0,0.0,1
140,45.0,70.0,1
140,36.4285714286,57.1428571429,1
140,6.81818181818,22.7272727273,1
140,20.0,80.0,1
139,-25.0,34.1666666667,1
144,0.0,0.0,1
140,25.0,25.0,1
135,0.0,0.0,1
140,25.0,25.0,1
144,0.0,0.0,1
141,0.0,0.0,1
144,0.0,0.0,1
140,-19.4047619048,25.7142857143,1
139,16.6666666667,43.3333333333,1
139,0.0,0.0,1
140,20.0,80.0,1
139,0.0,0.0,1
136,25.0,75.0,1
140,0.0,0.0,1
140,20.0,80.0,1
137,0.0,60.0,1
139,16.25,75.0,1
112,43.3333333333,73.3333333333,1
117,93.75,95.0,1
140,0.0,50.0,1
145,0.0,0.0,1
98,50.0,50.0,1
121,25.0,25.0,1
139,-25.0,34.1666666667,1
140,0.0,0.0,1
142,0.0,0.0,1
121,25.0,25.0,1
140,0.0,56.25,1
105,30.0,63.6111111111,1
112,43.3333333333,73.3333333333,1
142,100.0,100.0,1
149,70.0,90.0,1
140,6.81818181818,22.7272727273,1
140,60.0,100.0,1
140,0.0,50.0,1
139,0.0,10.0,1
139,50.0,50.0,1
108,0.0,10.0,1
140,6.81818181818,22.7272727273,1
140,-18.3333333333,43.3333333333,1
102,0.0,50.0,1
112,43.3333333333,73.3333333333,1
149,70.0,90.0,1
142,70.0,90.0,1
89,0.0,10.0,1
139,0.0,10.0,1
140,30.0,20.0,1
140,13.5746753247,46.7792207792,1
140,20.0,80.0,1
140,0.0,10.0,1
135,0.0,0.0,1
138,25.0,25.0,1
138,25.0,33.3333333333,1
132,23.5353535354,54.7474747475,1
140,20.0,80.0,1
140,41.6666666667,60.8333333333,1
121,0.0,10.0,1
140,20.0,80.0,1
114,0.0,50.0,1
138,13.6363636364,45.4545454545,1
74,50.0,50.0,1
138,25.0,25.0,1
139,0.0,12.5,1
102,0.0,50.0,1
140,0.0,12.5,1
102,0.0,50.0,1
140,0.0,37.8571428571,1
139,0.0,0.0,1
136,0.0,0.0,1
137,0.0,0.0,1
136,0.0,0.0,1
140,-19.4047619048,25.7142857143,1
140,0.0,0.0,1
112,43.3333333333,73.3333333333,1
102,0.0,50.0,1
112,43.3333333333,73.3333333333,1
102,0.0,50.0,1
140,60.0,55.0,1
112,43.3333333333,73.3333333333,1
112,43.3333333333,73.3333333333,1
144,35.0,75.0,1
102,0.0,50.0,1
102,0.0,40.0,1
140,20.0,80.0,1
137,6.81818181818,22.7272727273,1
87,43.3333333333,73.3333333333,1
135,6.66666666667,60.0,1
83,0.0,40.0,1
143,0.0,0.0,1
140,41.6666666667,60.8333333333,1
140,9.09090909091,30.303030303,1
138,25.0,25.0,1
138,25.0,25.0,1
140,13.6363636364,45.4545454545,1
137,0.0,6.66666666667,1
137,25.0,25.0,1
144,35.0,75.0,1
101,6.81818181818,22.7272727273,1
140,20.0,80.0,1
102,0.0,40.0,1
121,43.3333333333,73.3333333333,1
130,16.6666666667,50.0,1
129,0.0,50.0,1
120,0.0,40.0,1
114,0.0,40.0,1
129,0.0,40.0,1
93,0.0,40.0,1
98,50.0,50.0,1
138,0.0,0.0,1
140,20.0,80.0,1
140,0.0,0.0,1
138,25.0,25.0,1
140,60.0,90.0,1
140,100.0,30.0,1
103,0.0,0.0,1
137,0.0,0.0,1
140,19.3181818182,39.3939393939,1
141,100.0,75.0,1
140,10.0,40.0,1
140,0.0,45.0,1
140,11.8181818182,40.2272727273,1
140,19.3181818182,39.3939393939,1
121,0.0,50.0,1
140,60.0,55.0,1
142,2.5,52.5,1
140,0.568181818182,41.4772727273,1
140,0.0,0.0,1
65,17.5,38.75,1
144,0.0,0.0,1
125,-5.0,40.0,1
140,0.0,0.0,1
140,0.0,0.0,1
140,0.0,0.0,1
140,6.81818181818,22.7272727273,1
106,0.0,0.0,1
137,0.0,0.0,1
140,54.5454545455,64.7811447811,1
140,41.6666666667,58.3333333333,1
112,0.0,0.0,1
123,-15.5555555556,28.8888888889,1
140,100.0,100.0,1
140,13.6363636364,45.4545454545,1
140,0.0,0.0,1
139,0.0,0.0,1
140,-5.0,35.0,1
140,-50.0,100.0,1
140,0.0,0.0,1
140,0.0,40.0,1
140,0.0,0.0,1
112,0.0,0.0,1
137,6.81818181818,27.7272727273,1
140,0.0,0.0,1
140,0.0,0.0,1
140,-50.0,100.0,1
140,13.6363636364,45.4545454545,1
75,-20.0,35.0,1
54,16.6666666667,55.0,1
149,0.0,0.0,1
123,80.0,90.0,1
139,40.0,90.0,1
140,0.0,0.0,1
123,15.3409090909,45.4545454545,1
140,12.5,17.5,1
138,0.0,0.0,1
136,0.0,6.66666666667,1
139,37.5,75.0,1
140,13.6363636364,45.4545454545,1
141,25.0,25.0,1
123,15.3409090909,45.4545454545,1
138,0.0,0.0,1
88,25.0,30.0,1
140,61.25,77.5,1
138,0.0,0.0,1
140,54.5454545455,64.7811447811,1
141,0.0,0.0,1
140,0.0,0.0,1
140,-39.0,52.0,1
130,0.0,0.0,1
138,0.0,0.0,1
140,21.25,40.8333333333,1
139,-25.0,51.25,1
140,13.6363636364,45.4545454545,1
140,0.0,100.0,1
83,0.0,0.0,1
140,-5.0,35.0,1
82,0.0,0.0,1
136,35.0,45.0,1
140,0.0,40.0,1
140,54.5454545455,64.7811447811,1
138,-21.25,25.0,1
140,-63.3333333333,96.6666666667,1
140,27.1428571429,51.4285714286,1
139,0.0,0.0,1
137,6.81818181818,27.7272727273,1
140,50.0,50.0,1
140,15.7575757576,43.6363636364,1
140,-5.0,35.0,1
69,0.0,0.0,1
116,0.0,6.66666666667,1
140,0.0,33.3333333333,1
140,30.0,45.0,1
140,100.0,70.0,1
139,80.0,90.0,1
115,20.0,50.0,1
140,12.5,17.5,1
140,15.7575757576,43.6363636364,1
116,0.0,6.66666666667,1
140,20.0,23.3333333333,1
140,-5.0,35.0,1
108,0.0,0.0,1
140,0.0,0.0,1
140,-5.0,35.0,1
140,0.0,0.0,1
101,0.0,0.0,1
116,0.0,6.66666666667,1
146,0.0,0.0,1
140,0.0,33.3333333333,1
106,0.0,0.0,1
116,0.0,6.66666666667,1
140,-5.0,35.0,1
140,13.6363636364,45.4545454545,1
145,0.0,0.0,1
94,80.0,90.0,1
127,0.0,0.0,1
140,0.0,0.0,1
140,3.33333333333,6.66666666667,1
133,100.0,30.0,1
136,0.0,0.0,1
140,50.9090909091,81.3636363636,1
140,2.87878787879,55.1515151515,1
140,61.25,77.5,1
94,80.0,90.0,1
134,0.0,50.0,1
138,8.33333333333,11.6666666667,1
142,37.8787878788,51.8181818182,1
140,13.6363636364,45.4545454545,1
139,0.0,0.0,1
145,0.0,0.0,1
143,0.0,0.0,1
116,0.0,6.66666666667,1
116,0.0,6.66666666667,1
140,20.0,20.0,1
140,0.0,33.3333333333,1
139,0.0,0.0,1
145,0.0,0.0,1
140,13.6363636364,45.4545454545,1
140,0.0,10.0,1
94,80.0,90.0,1
140,13.6363636364,45.4545454545,1
115,20.0,50.0,1
116,0.0,6.66666666667,1
116,0.0,6.66666666667,1
140,60.0,55.0,1
116,0.0,6.66666666667,1
145,0.0,0.0,1
140,54.5454545455,64.7811447811,1
140,-25.0,51.25,1
77,0.0,0.0,1
140,0.0,0.0,1
140,13.6363636364,45.4545454545,1
140,0.0,0.0,1
140,-5.0,35.0,1
140,21.25,40.8333333333,1
138,0.0,0.0,1
116,0.0,6.66666666667,1
145,0.0,0.0,1
140,0.0,0.0,1
140,-5.0,35.0,1
142,-4.46428571429,32.1428571429,1
140,0.0,0.0,1
140,0.0,0.0,1
140,0.0,33.3333333333,1
140,-5.0,100.0,1
129,76.5,100.0,1
140,-50.0,90.0,1
139,0.0,0.0,1
128,-37.5,56.25,1
140,-25.0,70.8333333333,1
140,0.0,0.0,1
124,60.0,100.0,1
140,-13.3333333333,26.6666666667,1
140,10.0,76.6666666667,1
102,25.0,31.25,1
140,0.0,0.0,1
140,13.6363636364,45.4545454545,1
132,0.0,0.0,1
139,0.0,33.3333333333,1
139,0.0,33.3333333333,1
150,0.0,0.0,1
140,-5.0,35.0,1
140,0.0,0.0,1
136,0.0,0.0,1
140,50.0,50.0,1
140,-5.0,35.0,1
140,13.6363636364,45.4545454545,1
140,0.0,0.0,1
140,-5.0,35.0,1
115,20.0,50.0,1
116,0.0,6.66666666667,1
139,37.5,75.0,1
140,13.6363636364,45.4545454545,1
144,50.0,75.0,1
140,-13.3333333333,59.6296296296,1
116,0.0,6.66666666667,1
116,0.0,6.66666666667,1
63,0.0,40.0,1
140,20.0,23.3333333333,1
141,-20.0,5.0,1
140,54.5454545455,64.7811447811,1
139,0.0,0.0,1
140,0.0,33.3333333333,1
143,-12.5,75.0,1
40,60.0,100.0,1
144,0.0,0.0,1
140,0.0,0.0,1
134,0.0,0.0,1
140,0.0,0.0,1
135,0.0,0.0,1
99,0.0,6.66666666667,1
140,0.0,0.0,1
50,0.0,0.0,1
56,0.0,0.0,1
140,13.6363636364,45.4545454545,1
141,14.5833333333,59.1666666667,1
139,0.0,0.0,1
140,0.0,10.0,1
137,0.0,0.0,1
140,0.0,0.0,1
135,0.0,0.0,1
140,-5.0,35.0,1
140,0.0,0.0,1
140,-5.0,35.0,1
137,0.0,0.0,1
136,0.0,0.0,1
140,13.6363636364,45.4545454545,1
137,33.3333333333,47.5,1
110,25.0,25.0,1
120,32.5,32.5,1
85,0.0,0.0,1
106,10.0,38.3333333333,1
97,0.0,0.0,1
139,9.28571428571,36.7857142857,1
140,-60.0,60.0,1
56,25.0,25.0,1
137,25.0,25.0,1
140,0.0,0.0,1
140,60.0,61.25,1
140,-5.0,35.0,1
63,0.0,0.0,1
140,-5.0,35.0,1
140,0.0,10.0,1
140,-5.0,35.0,1
139,33.3333333333,50.0,1
106,-25.0,50.0,1
140,0.0,0.0,1
140,13.6363636364,45.4545454545,1
135,50.0,50.0,1
115,20.0,50.0,1
140,36.6666666667,66.6666666667,1
139,8.33333333333,21.6666666667,1
139,-12.5,12.5,1
140,13.6363636364,45.4545454545,1
140,0.0,33.3333333333,1
141,14.5833333333,59.1666666667,1
137,50.0,50.0,1
120,32.5,32.5,1
141,0.0,0.0,1
140,-48.6111111111,83.3333333333,1
140,0.0,0.0,1
134,0.0,0.0,1
136,0.0,55.0,1
139,0.0,0.0,1
44,0.0,0.0,1
140,0.0,0.0,1
140,0.0,35.0,1
140,0.0,100.0,1
140,13.6363636364,45.4545454545,1
140,-5.0,35.0,1
103,32.5,32.5,1
110,80.0,90.0,1
136,0.0,0.0,1
140,-5.0,22.5,1
140,0.0,100.0,1
140,21.25,40.8333333333,1
140,0.0,0.0,1
106,0.0,0.0,1
88,55.0,70.0,1
137,80.0,90.0,1
134,-20.0,40.0,1
140,13.6363636364,45.4545454545,1
94,80.0,90.0,1
140,0.0,0.0,1
115,20.0,50.0,1
140,12.8787878788,26.2626262626,1
141,-20.0,5.0,1
110,80.0,90.0,1
144,50.0,75.0,1
79,17.0454545455,45.4545454545,1
140,0.0,33.3333333333,1
139,0.0,0.0,1
140,13.6363636364,45.4545454545,1
94,80.0,90.0,1
131,0.0,0.0,1
140,-10.0,20.0,1
130,36.3636363636,77.2727272727,1
140,-10.0,30.0,1
140,39.0151515152,51.8181818182,1
140,27.1428571429,51.4285714286,1
139,0.0,0.0,1
139,30.0,20.0,1
67,0.0,0.0,1
140,16.6666666667,26.6666666667,1
136,0.0,0.0,1
140,13.6363636364,45.4545454545,1
124,0.0,0.0,1
110,64.1666666667,83.3333333333,1
146,0.0,0.0,1
140,0.0,0.0,1
141,0.0,0.0,1
140,31.25,27.5,1
139,8.33333333333,21.6666666667,1
140,-5.0,35.0,1
140,-36.4583333333,54.1666666667,1
140,2.87878787879,55.1515151515,1
136,0.0,0.0,1
138,0.0,27.5,1
140,0.0,0.0,1
104,-100.0,100.0,1
140,50.0,50.0,1
126,0.0,0.0,1
140,0.0,0.0,1
140,13.6363636364,45.4545454545,1
141,14.5833333333,59.1666666667,1
134,100.0,100.0,1
140,0.0,0.0,1
136,0.0,0.0,1
140,25.0,25.0,1
134,100.0,100.0,1
141,14.5833333333,59.1666666667,1
140,65.0,87.5,1
140,2.87878787879,55.1515151515,1
140,31.25,27.5,1
140,0.0,50.0,1
140,13.6363636364,45.4545454545,1
134,100.0,100.0,1
140,54.5454545455,64.7811447811,1
141,20.0,90.0,1
140,13.6363636364,45.4545454545,1
106,0.0,0.0,1
94,80.0,90.0,1
138,0.0,0.0,1
118,10.4166666667,52.2222222222,1
122,41.6666666667,58.3333333333,1
140,13.6363636364,45.4545454545,1
138,-7.77777777778,19.4444444444,1
145,0.0,12.5,1
140,13.6363636364,45.4545454545,1
67,0.0,0.0,1
136,0.0,0.0,1
140,0.0,0.0,1
140,31.25,27.5,1
140,0.0,0.0,1
140,0.0,3.33333333333,1
105,100.0,100.0,1
140,3.33333333333,6.66666666667,1
140,0.0,0.0,1
140,0.0,10.0,1
140,-2.97619047619,34.7619047619,1
140,0.0,0.0,1
140,40.5,56.0,1
140,20.0,80.0,1
140,0.0,0.0,1
138,0.0,0.0,1
139,10.0,23.3333333333,1
140,-40.0,60.0,1
140,0.0,0.0,1
140,0.0,0.0,1
140,-5.0,35.0,1
94,80.0,90.0,1
140,13.6363636364,45.4545454545,1
140,0.0,100.0,1
140,-5.0,35.0,1
126,6.81818181818,22.7272727273,1
139,20.0,40.0,1
108,-30.0,50.0,1
102,25.0,31.25,1
90,0.0,0.0,1
140,13.6363636364,45.4545454545,1
143,0.0,75.0,1
140,35.0,55.0,1
140,20.0,23.3333333333,1
12,0.0,0.0,1
140,40.5,56.0,1
128,0.0,0.0,1
140,13.6363636364,45.4545454545,1
140,13.6363636364,45.4545454545,1
140,0.0,0.0,1
128,40.0,40.0,1
144,0.0,0.0,1
140,0.0,0.0,1
139,5.33333333333,53.5555555556,1
140,13.6363636364,45.4545454545,1
136,0.0,6.66666666667,1
140,-5.0,35.0,1
140,13.6363636364,45.4545454545,1
97,0.0,50.0,1
140,13.6363636364,45.4545454545,1
140,0.0,0.0,1
139,-10.0,20.0,1
140,0.0,10.0,1
115,20.0,50.0,1
146,25.0,90.0,1
94,80.0,90.0,1
140,25.0,33.3333333333,1
140,21.25,40.8333333333,1
138,0.0,0.0,1
140,21.25,40.8333333333,1
140,13.6363636364,45.4545454545,1
140,10.0,10.0,1
137,25.0,33.3333333333,1
140,0.0,0.0,1
140,13.6363636364,45.4545454545,1
140,12.8787878788,26.2626262626,1
107,0.0,0.0,1
140,62.5,50.0,1
114,0.0,0.0,1
140,15.0,65.0,1
114,0.0,0.0,1
140,0.0,33.3333333333,1
137,0.0,0.0,1
115,20.0,50.0,1
139,8.33333333333,21.6666666667,1
139,8.33333333333,21.6666666667,1
140,13.6363636364,45.4545454545,1
140,0.0,33.3333333333,1
140,12.8787878788,26.2626262626,1
115,20.0,50.0,1
139,8.33333333333,21.6666666667,1
137,0.0,50.0,1
94,80.0,90.0,1
139,37.5,50.0,1
140,0.0,33.3333333333,1
140,0.0,0.0,1
140,20.0,20.0,1
140,54.5454545455,64.7811447811,1
79,17.0454545455,45.4545454545,1
102,0.0,50.0,1
140,13.6363636364,45.4545454545,1
140,-5.0,35.0,1
79,17.0454545455,45.4545454545,1
140,0.0,33.3333333333,1
140,0.0,6.25,1
140,-25.0,45.0,1
140,-5.0,100.0,1
139,0.0,6.25,1
137,0.0,0.0,1
140,13.6363636364,45.4545454545,1
140,0.0,0.0,1
115,0.0,100.0,1
129,0.0,0.0,1
115,20.0,50.0,1
94,80.0,90.0,1
138,0.0,0.0,1
140,1.19047619048,29.5238095238,1
140,-5.0,35.0,1
140,0.0,0.0,1
115,20.0,50.0,1
115,20.0,50.0,1
140,21.25,40.8333333333,1
140,0.0,33.3333333333,1
140,20.0,20.0,1
136,0.0,0.0,1
141,0.0,0.0,1
139,20.0,10.0,1
140,0.0,0.0,1
139,-4.16666666667,30.8333333333,1
140,-10.0,12.5,1
126,0.0,0.0,1
146,25.0,90.0,1
140,0.0,37.8571428571,1
107,0.0,0.0,1
94,80.0,90.0,1
140,0.0,0.0,1
140,25.0,25.0,1
141,0.0,40.0,1
138,0.0,0.0,1
115,20.0,50.0,1
140,-5.0,35.0,1
140,0.0,33.3333333333,1
141,40.0,80.0,1
138,20.0,60.0,1
140,13.6363636364,45.4545454545,1
140,13.6363636364,45.4545454545,1
94,80.0,90.0,1
140,0.0,33.3333333333,1
27,0.0,0.0,1
94,80.0,90.0,1
146,-20.0,50.0,1
140,40.5,56.0,1
135,50.0,50.0,1
101,70.0,60.0,1
140,8.0,27.0,1
138,50.0,50.0,1
140,31.25,27.5,1
140,21.25,40.8333333333,1
119,25.0,33.3333333333,1
144,0.0,0.0,1
94,80.0,90.0,1
99,25.0,33.3333333333,1
140,-5.0,35.0,1
140,87.5,90.0,1
140,100.0,100.0,1
146,25.0,90.0,1
117,0.0,0.0,1
138,0.0,0.0,1
140,-5.0,100.0,1
140,0.0,0.0,1
140,0.0,10.0,1
140,15.0,70.0,1
140,0.0,0.0,1
146,25.0,90.0,1
146,25.0,90.0,1
140,-16.6666666667,33.3333333333,1
108,0.0,0.0,1
136,13.6363636364,50.0,0
137,0.0,0.0,0
140,31.25,33.3333333333,0
140,62.5,50.0,0
140,0.0,0.0,0
140,12.5,16.6666666667,0
140,30.0,10.0,0
137,60.0,60.0,0
137,62.5,50.0,0
140,100.0,30.0,0
52,0.0,40.0,0
109,21.4285714286,42.8571428571,0
140,12.5,16.6666666667,0
140,27.1428571429,51.4285714286,0
140,0.0,0.0,0
140,31.25,27.5,0
140,-71.4285714286,85.7142857143,0
62,0.0,0.0,0
140,25.8333333333,56.6666666667,0
138,25.0,25.0,0
137,-71.4285714286,85.7142857143,0
78,0.0,0.0,0
140,20.0,55.0,0
139,50.0,50.0,0
140,50.0,100.0,0
140,30.0,10.0,0
140,17.5,36.6666666667,0
139,0.0,40.0,0
130,60.0,80.0,0
112,12.5,16.6666666667,0
140,17.5,36.6666666667,0
140,0.0,40.0,0
139,-46.6666666667,100.0,0
71,0.0,0.0,0
136,20.0,40.0,0
134,0.0,0.0,0
112,0.0,0.0,0
140,0.0,0.0,0
137,0.0,0.0,0
138,0.0,6.66666666667,0
141,0.0,0.0,0
140,12.5,16.6666666667,0
138,0.0,0.0,0
140,20.0,55.0,0
140,12.5,16.6666666667,0
138,0.0,0.0,0
140,0.0,0.0,0
138,0.0,0.0,0
138,25.0,25.0,0
140,30.0,10.0,0
78,0.0,0.0,0
139,0.0,0.0,0
140,50.0,100.0,0
140,0.0,0.0,0
98,0.0,0.0,0
137,0.0,0.0,0
139,0.0,0.0,0
140,0.0,0.0,0
140,12.5,16.6666666667,0
140,0.0,0.0,0
139,0.0,0.0,0
138,0.0,0.0,0
102,0.0,0.0,0
130,70.0,60.0,0
140,25.8333333333,56.6666666667,0
137,0.0,0.0,0
36,0.0,0.0,0
140,50.0,100.0,0
122,19.0625,35.0,0
140,29.1666666667,75.0,0
138,36.6666666667,66.6666666667,0
140,80.0,100.0,0
140,12.5,16.6666666667,0
108,25.0,51.25,0
108,25.0,51.25,0
140,0.0,0.0,0
140,12.5,16.6666666667,0
146,0.0,0.0,0
140,30.0,10.0,0
137,-20.0,15.0,0
140,65.0,67.5,0
140,12.5,16.6666666667,0
140,45.0,90.0,0
140,100.0,30.0,0
90,13.6363636364,45.4545454545,0
92,21.4285714286,42.8571428571,0
103,41.6666666667,75.0,0
141,0.0,30.0,0
148,10.8333333333,37.5,0
140,0.0,0.0,0
140,0.0,0.0,0
140,-10.0,10.0,0
87,0.0,0.0,0
138,25.0,25.0,0
140,0.0,0.0,0
98,0.0,0.0,0
137,0.0,0.0,0
71,0.0,0.0,0
139,25.0,95.0,0
139,0.0,0.0,0
140,12.5,37.5,0
139,-40.0,40.0,0
102,0.0,0.0,0
140,12.5,16.6666666667,0
140,20.0,68.3333333333,0
102,0.0,30.0,0
139,0.0,0.0,0
140,-40.0,40.0,0
141,-25.0,10.0,0
140,0.0,0.0,0
141,0.0,30.0,0
140,0.0,0.0,0
140,0.0,0.0,0
139,0.0,0.0,0
140,54.5454545455,64.7811447811,0
140,50.0,88.8888888889,0
131,0.0,0.0,0
139,0.0,32.5,0
139,-12.5,37.5,0
127,0.0,0.0,0
51,0.0,0.0,0
140,50.0,88.8888888889,0
140,12.5,16.6666666667,0
140,20.0,40.0,0
140,25.0,33.3333333333,0
116,0.0,6.66666666667,0
139,44.6428571429,48.3928571429,0
140,0.0,0.0,0
137,50.0,100.0,0
140,0.0,0.0,0
140,80.0,100.0,0
140,0.0,0.0,0
140,18.4090909091,37.6136363636,0
139,0.0,0.0,0
145,35.0,80.0,0
145,35.0,80.0,0
136,0.0,0.0,0
140,47.5,60.0,0
102,0.0,0.0,0
102,0.0,0.0,0
139,0.0,0.0,0
140,-5.0,30.0,0
140,0.0,0.0,0
140,0.0,0.0,0
136,0.0,0.0,0
117,-50.0,90.0,0
140,-50.0,30.0,0
140,0.0,0.0,0
31,0.0,0.0,0
125,-5.0,40.0,0
140,30.0,10.0,0
139,0.0,0.0,0
144,100.0,30.0,0
140,10.0,23.3333333333,0
140,0.0,0.0,0
140,25.0,33.3333333333,0
140,0.0,0.0,0
140,0.0,0.0,0
140,12.5,42.5,0
109,20.0,40.0,0
140,30.0,10.0,0
144,100.0,30.0,0
140,-2.5,70.8333333333,0
78,0.0,0.0,0
137,-20.0,15.0,0
140,0.0,0.0,0
45,0.0,0.0,0
45,0.0,0.0,0
102,0.0,0.0,0
140,0.0,0.0,0
139,0.0,100.0,0
140,0.0,0.0,0
139,0.0,0.0,0
140,0.0,0.0,0
71,0.0,0.0,0
140,0.0,0.0,0
140,0.0,0.0,0
139,15.0,30.0,0
140,50.0,50.0,0
138,0.0,0.0,0
141,0.0,30.0,0
137,25.0,33.3333333333,0
138,0.0,30.0,0
140,31.25,75.0,0
140,12.5,16.6666666667,0
140,26.0416666667,45.0,0
140,0.0,0.0,0
140,0.0,0.0,0
140,50.0,50.0,0
140,17.0454545455,45.4545454545,0
78,0.0,0.0,0
78,0.0,0.0,0
140,0.0,0.0,0
140,30.0,10.0,0
140,25.0,25.0,0
140,10.0,10.0,0
115,20.0,50.0,0
78,0.0,0.0,0
140,12.5,16.6666666667,0
59,0.0,0.0,0
138,0.0,0.0,0
102,0.0,0.0,0
140,25.0,25.0,0
140,-10.8333333333,37.5,0
140,50.0,50.0,0
146,0.0,0.0,0
139,0.0,0.0,0
54,0.0,0.0,0
71,0.0,0.0,0
137,100.0,30.0,0
140,0.0,0.0,0
136,50.0,50.0,0
97,0.0,0.0,0
85,0.0,0.0,0
140,47.5,17.5,0
138,0.0,0.0,0
140,27.1428571429,51.4285714286,0
140,20.0,40.0,0
74,0.0,0.0,0
138,0.0,0.0,0
102,0.0,0.0,0
140,0.0,0.0,0
140,0.0,0.0,0
140,0.0,0.0,0
140,25.0,25.0,0
124,50.0,50.0,0
140,0.0,0.0,0
140,0.0,0.0,0
140,0.0,0.0,0
140,0.0,0.0,0
100,0.0,0.0,0
140,30.0,0.0,0
140,0.0,0.0,0
146,0.0,0.0,0
140,0.0,0.0,0
140,62.5,50.0,0
140,0.0,0.0,0
140,17.5,36.6666666667,0
140,13.6363636364,50.0,0
145,0.0,0.0,0
140,65.0,67.5,0
140,0.0,0.0,0
140,0.0,40.0,0
140,0.0,0.0,0
140,0.0,0.0,0
140,25.0,25.0,0
128,0.0,0.0,0
140,12.5,16.6666666667,0
140,25.0,25.0,0
140,0.0,0.0,0
140,100.0,30.0,0
140,25.0,25.0,0
140,25.0,25.0,0
140,43.3333333333,83.3333333333,0
140,-40.0,35.0,0
140,12.5,16.6666666667,0
140,0.0,0.0,0
140,0.0,0.0,0
139,0.0,0.0,0
98,0.0,0.0,0
139,0.0,0.0,0
140,0.0,0.0,0
140,-22.5,71.25,0
140,26.0416666667,45.0,0
137,-20.0,15.0,0
140,0.0,0.0,0
105,41.6666666667,75.0,0
125,-7.5,5.0,0
140,0.0,0.0,0
140,0.0,0.0,0
140,0.0,0.0,0
140,0.0,0.0,0
139,0.0,10.0,0
140,0.0,0.0,0
95,0.0,0.0,0
149,13.6363636364,45.4545454545,0
140,13.6363636364,45.4545454545,0
140,25.0,25.0,0
141,-20.0,5.0,0
140,0.0,0.0,0
140,0.0,0.0,0
136,0.0,0.0,0
140,0.0,0.0,0
140,0.0,0.0,0
140,0.0,0.0,0
140,12.5,16.6666666667,0
142,-20.0,20.0,0
139,28.5714285714,53.5714285714,0
139,0.0,10.0,0
140,12.5,16.6666666667,0
115,0.0,0.0,0
140,12.5,16.6666666667,0
144,100.0,30.0,0
137,0.0,0.0,0
138,25.0,25.0,0
140,15.0,32.5,0
140,12.5,16.6666666667,0
129,16.6666666667,16.6666666667,0
140,0.0,0.0,0
140,0.0,0.0,0
140,0.0,0.0,0
139,0.0,10.0,0
98,0.0,0.0,0
139,0.0,10.0,0
140,13.6363636364,45.4545454545,0
140,70.0,60.0,0
140,0.0,0.0,0
140,12.5,16.6666666667,0
131,0.0,0.0,0
137,0.0,0.0,0
78,0.0,0.0,0
78,0.0,0.0,0
140,28.5714285714,53.5714285714,0
140,30.0,10.0,0
102,0.0,0.0,0
145,0.0,0.0,0
140,0.0,5.0,0
140,30.0,10.0,0
134,0.0,5.0,0
140,0.0,0.0,0
140,-5.0,40.0,0
140,25.0,25.0,0
89,-7.14285714286,21.4285714286,0
133,0.0,0.0,0
140,0.0,0.0,0
126,-5.0,40.0,0
143,-12.5,75.0,0
140,12.5,16.6666666667,0
139,0.0,0.0,0
136,0.0,6.66666666667,0
104,0.0,0.0,0
96,0.0,0.0,0
113,0.0,0.0,0
141,-25.0,10.0,0
135,20.0,60.0,0
136,0.0,0.0,0
87,0.0,0.0,0
139,0.0,10.0,0
81,0.0,0.0,0
94,6.81818181818,22.7272727273,0
94,60.0,65.0,0
143,0.0,0.0,0
135,0.0,0.0,0
139,25.0,25.0,0
111,0.0,0.0,0
140,12.5,16.6666666667,0
140,0.0,0.0,0
135,0.0,10.0,0
140,-2.42424242424,34.8484848485,0
121,0.0,0.0,0
122,0.0,0.0,0
140,0.0,0.0,0
140,13.6363636364,45.4545454545,0
140,0.0,0.0,0
139,0.0,60.0,0
102,0.0,0.0,0
140,0.0,0.0,0
140,0.0,0.0,0
140,0.0,0.0,0
140,0.0,0.0,0
140,0.0,0.0,0
140,0.0,0.0,0
140,12.5,16.6666666667,0
139,60.0,95.0,0
78,0.0,0.0,0
140,25.0,25.0,0
141,45.0,65.0,0
140,13.6363636364,50.0,0
140,0.0,0.0,0
78,0.0,0.0,0
143,45.0,65.0,0
140,0.0,0.0,0
78,0.0,0.0,0
121,50.0,50.0,0
126,12.5,16.6666666667,0
140,-5.0,35.0,0
140,0.0,0.0,0
140,0.0,0.0,0
136,0.0,0.0,0
139,0.0,0.0,0
136,28.5714285714,53.5714285714,0
140,25.0,25.0,0
139,0.0,0.0,0
140,0.0,0.0,0
140,0.0,0.0,0
140,0.0,0.0,0
139,25.0,25.0,0
140,0.0,0.0,0
140,-10.0,10.0,0
140,65.0,67.5,0
140,0.0,6.66666666667,0
137,-20.0,15.0,0
140,0.0,0.0,0
139,53.4090909091,65.946969697,0
67,0.0,0.0,0
140,50.0,50.0,0
140,62.5,50.0,0
140,-5.45454545455,28.4848484848,0
140,-30.0,25.0,0
140,10.0,10.0,0
140,0.0,0.0,0
140,0.0,0.0,0
140,30.0,10.0,0
134,0.0,0.0,0
139,-5.45454545455,28.4848484848,0
140,0.0,0.0,0
140,0.0,0.0,0
140,38.1481481481,59.6296296296,0
141,0.0,0.0,0
137,0.0,0.0,0
137,25.0,25.0,0
145,-15.0,30.0,0
140,100.0,30.0,0
140,20.0,55.0,0
140,0.0,0.0,0
140,20.0,55.0,0
140,0.0,0.0,0
139,0.0,0.0,0
96,0.0,0.0,0
140,100.0,30.0,0
140,20.0,55.0,0
140,0.0,0.0,0
140,-7.5,47.5,0
138,0.0,0.0,0
140,0.0,0.0,0
140,0.0,0.0,0
140,-10.0,10.0,0
138,-15.0,45.0,0
140,0.0,0.0,0
140,25.0,50.0,0
140,16.6666666667,16.6666666667,0
139,-20.0,15.0,0
140,0.0,0.0,0
139,0.0,0.0,0
115,0.0,0.0,0
140,50.0,50.0,0
140,0.0,0.0,0
140,0.0,0.0,0
140,0.0,0.0,0
131,-4.91071428571,62.9464285714,0
140,0.0,0.0,0
144,0.0,33.3333333333,0
140,100.0,30.0,0
140,0.0,0.0,0
137,0.0,0.0,0
140,0.0,0.0,0
145,-15.0,30.0,0
140,0.0,0.0,0
99,0.0,0.0,0
140,0.0,0.0,0
140,0.0,0.0,0
140,30.0,10.0,0
140,0.0,0.0,0
137,-7.5,47.5,0
135,62.5,50.0,0
137,0.0,6.66666666667,0
140,25.0,25.0,0
139,-25.0,51.25,0
140,17.5,36.6666666667,0
140,65.0,67.5,0
40,13.6363636364,45.4545454545,0
98,0.0,0.0,0
140,0.0,0.0,0
101,0.0,0.0,0
140,17.5,36.6666666667,0
137,25.0,25.0,0
136,0.0,0.0,0
139,0.0,0.0,0
144,17.5,32.5,0
141,25.0,33.3333333333,0
140,-5.16666666667,42.6666666667,0
140,0.0,0.0,0
139,-7.14285714286,21.4285714286,0
140,0.0,0.0,0
140,0.0,0.0,0
140,-7.5,82.5,0
132,0.0,0.0,0
131,0.0,0.0,0
140,0.0,0.0,0
140,0.0,0.0,0
140,0.0,0.0,0
140,100.0,30.0,0
137,0.0,0.0,0
140,70.0,60.0,0
140,0.0,0.0,0
138,-20.0,15.0,0
140,25.0,25.0,0
140,0.0,0.0,0
140,62.5,50.0,0
143,0.0,0.0,0
140,0.0,0.0,0
117,0.0,0.0,0
140,0.0,0.0,0
140,0.0,0.0,0
140,0.0,0.0,0
140,17.5,36.6666666667,0
140,0.0,0.0,0
140,0.0,0.0,0
140,0.0,0.0,0
140,65.0,67.5,0
94,0.0,0.0,1
138,20.0,10.0,1
138,20.0,10.0,1
121,0.0,0.0,1
121,0.0,0.0,1
138,22.5,45.0,1
140,37.7777777778,71.1111111111,1
140,-35.0,90.0,1
140,70.0,79.1666666667,1
144,50.0,50.0,1
147,22.5,37.5,1
103,0.0,0.0,1
140,43.3333333333,83.3333333333,1
140,37.7777777778,71.1111111111,1
143,0.0,0.0,1
115,-12.5,100.0,1
140,0.0,0.0,1
140,0.555555555556,83.3333333333,1
48,0.0,0.0,1
137,62.5,50.0,1
111,0.0,0.0,1
140,37.7777777778,71.1111111111,1
140,37.7777777778,71.1111111111,1
139,25.0,27.7777777778,1
79,0.0,40.0,1
140,40.0,70.0,1
140,43.7121212121,56.8181818182,1
73,0.0,0.0,1
139,13.6363636364,45.4545454545,1
140,13.6363636364,45.4545454545,1
139,11.6666666667,21.6666666667,1
141,100.0,75.0,1
140,37.7777777778,71.1111111111,1
140,39.2857142857,51.7857142857,1
100,75.0,65.0,1
139,25.0,27.7777777778,1
139,13.3333333333,33.3333333333,1
140,0.0,0.0,1
140,60.0,100.0,1
140,0.0,0.0,1
140,35.7142857143,57.1428571429,1
140,37.7777777778,71.1111111111,1
137,0.0,0.0,1
140,11.6666666667,21.6666666667,1
87,0.0,0.0,1
136,0.0,0.0,1
144,0.0,0.0,1
140,-63.3333333333,96.6666666667,1
140,50.0,100.0,1
140,0.0,0.0,1
101,0.0,12.5,1
140,40.0,40.0,1
140,40.0,47.5,1
140,50.0,100.0,1
140,0.0,0.0,1
140,37.7777777778,71.1111111111,1
146,0.0,0.0,1
140,11.2121212121,27.5,1
82,0.0,0.0,1
135,25.0,85.0,1
139,80.0,100.0,1
139,0.0,0.0,1
140,0.0,0.0,1
139,80.0,100.0,1
139,25.0,27.7777777778,1
138,0.0,0.0,1
140,10.0,75.0,1
83,13.6363636364,45.4545454545,1
115,8.0,27.0,1
139,50.0,56.25,1
139,93.75,95.0,1
66,10.0,75.0,1
99,0.0,0.0,1
139,0.0,0.0,1
140,40.0,40.0,1
140,37.7777777778,71.1111111111,1
140,0.0,0.0,1
27,0.0,0.0,1
140,0.0,0.0,1
139,0.0,100.0,1
140,43.7121212121,56.8181818182,1
140,37.7777777778,71.1111111111,1
139,13.3333333333,33.3333333333,1
140,37.7777777778,71.1111111111,1
140,0.0,0.0,1
140,43.7121212121,56.8181818182,1
90,80.0,90.0,1
140,62.5,50.0,1
33,0.0,0.0,1
93,0.0,0.0,1
144,0.0,0.0,1
85,0.0,0.0,1
97,0.0,0.0,1
139,25.0,27.7777777778,1
140,43.7121212121,56.8181818182,1
140,-40.0,70.0,1
140,0.0,0.0,1
140,0.0,0.0,1
140,37.7777777778,71.1111111111,1
140,-50.0,30.0,1
140,0.0,0.0,1
140,0.0,0.0,1
140,0.0,50.0,1
134,0.0,0.0,1
131,0.0,0.0,1
140,0.0,0.0,1
140,0.0,50.0,1
139,13.3333333333,33.3333333333,1
140,0.0,0.0,1
140,0.0,0.0,1
140,0.0,0.0,1
104,0.0,0.0,1
144,0.0,0.0,1
103,0.0,0.0,1
126,23.3333333333,25.5555555556,1
140,43.7121212121,56.8181818182,1
140,0.0,50.0,1
140,0.0,0.0,1
140,50.0,100.0,1
139,13.3333333333,33.3333333333,1
139,41.25,45.0,1
140,0.0,0.0,1
140,37.7777777778,71.1111111111,1
139,80.0,100.0,1
140,20.0,75.0,1
127,0.0,0.0,1
141,0.0,0.0,1
140,-2.5,20.0,1
140,46.8181818182,60.2272727273,1
140,0.0,0.0,1
140,-43.5714285714,65.7142857143,1
140,11.2121212121,27.5,1
140,0.0,0.0,1
140,-6.66666666667,40.0,1
140,46.8181818182,60.2272727273,1
140,0.0,0.0,1
140,0.0,0.0,1
140,0.0,0.0,1
140,80.0,100.0,1
140,0.0,0.0,1
140,35.0,55.0,1
140,43.7121212121,56.8181818182,1
139,25.0,27.7777777778,1
140,43.7121212121,56.8181818182,1
100,0.0,30.0,1
140,-63.3333333333,96.6666666667,1
99,0.0,0.0,1
140,43.7121212121,56.8181818182,1
140,0.0,0.0,1
140,50.0,100.0,1
129,62.5,50.0,1
140,0.0,0.0,1
140,5.0,26.25,1
140,0.0,0.0,1
139,13.6363636364,45.4545454545,1
139,0.0,0.0,1
140,0.0,0.0,1
87,13.6363636364,45.4545454545,1
140,0.0,0.0,1
138,0.0,0.0,1
140,-20.0,35.0,1
139,50.0,50.0,1
140,0.0,0.0,1
136,50.0,50.0,1
136,0.0,12.5,1
140,-25.0,62.5,1
139,0.0,0.0,1
140,43.7121212121,56.8181818182,1
140,0.0,0.0,1
140,43.7121212121,56.8181818182,1
139,25.0,27.7777777778,1
140,6.81818181818,22.7272727273,1
115,23.3333333333,63.3333333333,1
139,62.5,50.0,1
140,0.0,0.0,1
140,0.0,0.0,1
140,80.0,90.0,1
144,0.0,0.0,1
90,0.0,0.0,1
139,5.0,0.0,1
82,0.0,0.0,1
140,43.7121212121,56.8181818182,1
139,80.0,100.0,1
139,80.0,100.0,1
130,0.0,0.0,1
140,0.0,0.0,1
140,0.0,0.0,1
144,-25.0,64.1666666667,1
140,62.5,50.0,1
140,0.0,0.0,1
140,46.8181818182,60.2272727273,1
137,0.0,0.0,1
142,50.0,50.0,1
140,80.0,100.0,1
140,43.7121212121,56.8181818182,1
138,0.0,0.0,1
140,0.0,0.0,1
140,37.7777777778,71.1111111111,1
144,0.0,0.0,1
140,43.7121212121,56.8181818182,1
137,62.5,50.0,1
124,-5.0,40.0,1
144,0.0,0.0,1
111,0.0,0.0,1
139,-60.0,60.0,1
139,13.3333333333,33.3333333333,1
140,43.7121212121,56.8181818182,1
69,13.6363636364,45.4545454545,1
121,52.0833333333,50.0,1
138,0.0,100.0,1
140,37.7777777778,71.1111111111,1
94,80.0,90.0,1
136,0.0,0.0,1
136,25.0,27.7777777778,1
136,0.0,20.0,1
140,21.6666666667,60.0,1
139,-20.0,15.0,1
140,43.7121212121,56.8181818182,1
137,25.0,33.3333333333,1
129,25.0,25.0,1
140,25.0,25.0,1
70,0.0,0.0,1
136,0.0,10.0,1
140,0.0,37.8571428571,1
137,70.0,60.0,1
139,0.0,0.0,1
140,0.0,0.0,1
140,43.7121212121,56.8181818182,1
140,46.8181818182,60.2272727273,1
87,0.0,0.0,1
140,0.0,0.0,1
140,0.0,100.0,1
140,60.0,100.0,1
139,0.0,0.0,1
120,-40.0,60.0,1
138,0.0,0.0,1
140,32.5,100.0,1
34,0.0,0.0,1
129,62.5,50.0,1
140,46.8181818182,60.2272727273,1
140,-100.0,100.0,1
93,13.6363636364,45.4545454545,1
146,40.0,60.0,1
140,0.714285714286,37.1428571429,1
142,-4.46428571429,32.1428571429,1
139,65.0,62.5,1
139,13.3333333333,33.3333333333,1
140,25.0,33.3333333333,1
146,40.0,60.0,1
140,37.7777777778,71.1111111111,1
140,43.7121212121,56.8181818182,1
122,-22.5,45.8333333333,1
140,80.0,100.0,1
140,0.0,0.0,1
140,0.0,77.7777777778,1
90,80.0,90.0,1
139,13.3333333333,33.3333333333,1
142,18.75,92.5,1
137,13.3333333333,71.6666666667,1
140,43.7121212121,56.8181818182,1
140,46.8181818182,60.2272727273,1
139,13.3333333333,33.3333333333,1
103,0.0,0.0,1
140,25.0,85.0,1
140,37.7777777778,71.1111111111,1
125,25.0,85.0,1
140,43.7121212121,56.8181818182,1
139,0.0,0.0,1
140,0.0,0.0,1
137,21.6666666667,53.6111111111,1
140,0.0,0.0,1
137,-38.3333333333,56.6666666667,1
140,80.0,100.0,1
137,25.0,85.0,1
140,43.7121212121,56.8181818182,1
90,-60.0,90.0,1
139,13.3333333333,33.3333333333,1
87,0.0,0.0,1
140,91.0,78.0,1
109,25.0,56.25,1
139,35.7142857143,73.0158730159,1
133,13.6363636364,45.4545454545,1
140,46.8181818182,60.2272727273,1
139,13.3333333333,33.3333333333,1
140,0.0,0.0,1
140,-7.5,61.6666666667,1
140,43.7121212121,56.8181818182,1
140,43.7121212121,56.8181818182,1
126,10.0,75.0,1
140,43.7121212121,56.8181818182,1
139,2.08333333333,19.4444444444,1
140,37.7777777778,71.1111111111,1
140,46.8181818182,60.2272727273,1
140,43.3333333333,73.3333333333,1
140,43.7121212121,56.8181818182,1
140,43.7121212121,56.8181818182,1
140,43.7121212121,56.8181818182,1
139,30.0,45.5555555556,1
140,43.7121212121,56.8181818182,1
140,43.7121212121,56.8181818182,1
99,0.0,0.0,1
150,0.0,0.0,1
140,43.7121212121,56.8181818182,1
139,5.0,0.0,1
140,37.5,61.1111111111,1
140,43.7121212121,56.8181818182,1
140,46.8181818182,60.2272727273,1
106,0.0,0.0,1
98,35.0,65.0,1
91,80.0,75.0,1
123,0.0,0.0,1
140,43.7121212121,56.8181818182,1
141,50.0,50.0,1
136,50.0,50.0,1
140,0.0,0.0,1
140,43.7121212121,56.8181818182,1
84,13.6363636364,45.4545454545,1
146,0.0,0.0,1
140,46.8181818182,60.2272727273,1
140,37.7777777778,71.1111111111,1
140,50.0,60.0,1
109,0.0,0.0,1
138,46.8181818182,60.2272727273,1
120,40.0,37.5,1
140,0.0,12.5,1
140,43.7121212121,56.8181818182,1
140,0.0,0.0,1
139,13.3333333333,33.3333333333,1
140,43.7121212121,56.8181818182,1
140,46.8181818182,60.2272727273,1
140,46.8181818182,60.2272727273,1
140,43.7121212121,56.8181818182,1
140,43.7121212121,56.8181818182,1
140,0.0,0.0,1
140,43.7121212121,56.8181818182,1
140,43.7121212121,56.8181818182,1
139,13.3333333333,33.3333333333,1
140,43.7121212121,56.8181818182,1
88,47.5,67.5,1
140,-11.25,21.25,1
140,40.0,47.5,1
139,18.75,56.25,1
140,43.7121212121,56.8181818182,1
140,43.7121212121,56.8181818182,1
140,43.7121212121,56.8181818182,1
140,37.7777777778,71.1111111111,1
140,43.7121212121,56.8181818182,1
140,43.7121212121,56.8181818182,1
140,0.0,0.0,1
140,43.7121212121,56.8181818182,1
140,43.7121212121,56.8181818182,1
140,43.7121212121,56.8181818182,1
140,43.7121212121,56.8181818182,1
87,13.6363636364,45.4545454545,1
87,13.6363636364,45.4545454545,1
140,37.7777777778,71.1111111111,1
63,13.6363636364,45.4545454545,1
140,43.7121212121,56.8181818182,1
140,43.7121212121,56.8181818182,1
134,18.3333333333,73.3333333333,1
140,43.7121212121,56.8181818182,1
140,43.7121212121,56.8181818182,1
140,0.0,6.66666666667,1
140,46.8181818182,60.2272727273,1
140,60.0,100.0,1
107,0.0,0.0,1
140,80.0,100.0,1
140,50.0,100.0,1
140,50.0,100.0,1
140,43.3333333333,83.3333333333,1
139,0.0,0.0,1
139,0.0,0.0,1
112,-40.0,70.0,1
133,0.0,0.0,1
139,5.0,0.0,1
136,31.1111111111,73.0158730159,1
55,0.0,0.0,1
140,100.0,30.0,1
91,60.0,50.0,1
140,37.7777777778,71.1111111111,1
117,0.0,0.0,1
139,93.75,95.0,1
140,-50.0,100.0,1
130,0.0,0.0,1
136,21.25,32.5,1
137,100.0,30.0,1
140,37.7777777778,71.1111111111,1
140,13.6363636364,45.4545454545,1
90,80.0,90.0,1
140,0.0,5.0,1
139,13.3333333333,33.3333333333,1
140,5.5,52.5,1
137,62.5,50.0,1
138,0.0,0.0,1
118,93.75,95.0,1
140,75.0,95.0,1
138,0.0,0.0,1
140,100.0,30.0,1
140,-50.0,100.0,1
139,13.3333333333,33.3333333333,1
139,2.08333333333,19.4444444444,1
140,-50.0,100.0,1
140,0.0,0.0,1
140,37.7777777778,71.1111111111,1
31,0.0,0.0,1
140,0.0,10.0,1
140,0.0,0.0,1
134,-12.5,58.75,1
136,20.0,40.0,1
139,2.08333333333,19.4444444444,1
140,50.0,50.0,1
112,0.0,0.0,1
140,20.0,45.0,1
140,37.7777777778,71.1111111111,1
140,40.0,47.5,1
139,0.0,0.0,1
140,80.0,100.0,1
139,13.3333333333,33.3333333333,1
139,13.3333333333,33.3333333333,1
99,0.0,56.25,1
140,-29.6428571429,47.8571428571,1
140,37.7777777778,71.1111111111,1
139,-50.0,100.0,1
139,13.3333333333,33.3333333333,1
140,43.3333333333,83.3333333333,1
139,13.3333333333,33.3333333333,1
140,37.7777777778,71.1111111111,1
126,0.0,0.0,1
140,80.0,100.0,1
141,0.0,0.0,1
140,50.0,90.0,1
140,100.0,30.0,1
140,0.0,0.0,1
139,13.3333333333,33.3333333333,1
140,0.0,0.0,1
140,40.0,50.0,1
140,10.0,22.0,1
140,0.0,0.0,1
140,100.0,30.0,1
138,0.0,10.0,1
140,0.0,37.5,1
139,-7.14285714286,21.4285714286,1
137,0.0,0.0,1
114,0.0,0.0,1
14,10.0,100.0,1
140,0.0,0.0,1
140,37.7777777778,71.1111111111,1
139,5.0,0.0,1
140,50.0,50.0,1
140,-25.0,60.0,1
139,13.3333333333,33.3333333333,1
140,0.0,0.0,1
139,13.3333333333,33.3333333333,1
140,60.0,100.0,1
136,0.0,0.0,1
139,13.3333333333,33.3333333333,1
139,10.0,100.0,1
139,5.0,0.0,1
139,13.3333333333,33.3333333333,1
140,13.3333333333,33.3333333333,1
140,37.7777777778,71.1111111111,1
129,0.0,0.0,1
140,0.0,5.0,1
138,0.0,6.66666666667,1
140,50.0,100.0,1
139,2.08333333333,19.4444444444,1
140,-11.25,21.25,1
136,16.6666666667,35.0,1
96,0.0,75.0,1
120,-10.0,39.1666666667,1
139,0.0,0.0,1
138,0.0,0.0,1
146,0.0,0.0,1
136,0.0,0.0,1
138,26.8181818182,67.7272727273,1
140,0.0,0.0,1
139,0.0,10.0,1
145,0.0,0.0,1
140,0.0,0.0,1
118,25.0,58.3333333333,1
140,0.0,0.0,1
140,37.7777777778,71.1111111111,1
144,50.0,50.0,1
140,-43.5714285714,65.7142857143,1
142,50.0,50.0,1
140,10.0,43.3333333333,1
144,50.0,50.0,1
140,0.0,0.0,1
140,0.0,0.0,1
140,-11.25,21.25,1
139,5.0,0.0,1
140,43.3333333333,73.3333333333,1
135,-27.380952381,51.1904761905,1
145,10.0,100.0,1
140,60.0,100.0,1
139,5.0,0.0,1
77,0.0,10.0,1
144,10.0,100.0,1
138,20.0,40.0,1
140,70.0,60.0,1
